#include <a_samp>


public OnFilterScriptInit()
{
//+_+_+_+_+_+_+_+_+_+_+_+_+_+_+_+_____EXTERIOR_____+_+_+_+_+_+_+_+_+_+_+_+_+_+_+_+_+_+_+_

	CreateObject(2614, 207.70320, -62.38920, 6.55000,   0.00000, 0.00000, 0.00000);
	CreateObject(3352, 207.82120, -62.68560, 9.01270,   0.00000, 0.00000, -90.00000);
	CreateObject(1256, 214.07851, -62.45408, 1.20430,   0.00000, 0.00000, 90.00002);
	CreateObject(1256, 201.68314, -62.31554, 1.18442,   0.00000, 0.00000, 89.34004);
	CreateObject(955, 211.51846, -62.75386, 0.95990,   0.00000, 0.00000, 0.00000);
	CreateObject(1257, 219.37151, -65.09200, 1.76870,   0.00000, 0.00000, 88.91997);
	CreateObject(1257, 211.07127, -78.39467, 1.62676,   0.00000, 0.00000, -88.68002);
	CreateObject(1346, 195.32994, -62.44336, 1.90192,   0.00000, 0.00000, 0.00000);
	CreateObject(1291, 204.01064, -63.13307, 1.03922,   0.00000, 0.00000, 0.00000);
	CreateObject(1211, 207.39871, -78.58060, 0.98279,   0.00000, 0.00000, 0.00000);
	CreateObject(1359, 210.08632, -61.94635, 1.28677,   0.00000, 0.00000, 0.00000);
	CreateObject(4641, 195.94771, -34.20081, 10.71717,   0.00000, 0.00000, 0.00000);
	CreateObject(3934, 200.59099, -55.51432, 9.05976,   0.00000, 0.00000, 0.00000);
	CreateObject(3934, 214.70320, -53.90992, 9.05948,   0.00000, 0.00000, 0.00000);
	CreateObject(3934, 211.70187, -40.21602, 9.05682,   0.00000, 0.00000, 0.00000);

	new buil=	CreateObject(3352, 207.82120, -62.68560, 9.01270,   0.00000, 0.00000, -90.00000);
	SetObjectMaterialText(buil, "Rada Miasta\nBlueberry", 0, OBJECT_MATERIAL_SIZE_256x128,
    "Arial Black", 28, 0,  0xFF000000, 0xFFFFFFFF, OBJECT_MATERIAL_TEXT_ALIGN_CENTER);

//+_+_+_+_+_+_+_+_+_+_+_+_+_+_+_+_____INTERIOR_____+_+_+_+_+_+_+_+_+_+_+_+_+_+_+_+_+_+_+_

//__________________________________Obiekty Parter__________________________________

	CreateObject(18755, 216.23727, -55.12143, 15.78910,   0.00000, 0.00000, 0.00000);
	CreateObject(19375, 208.99960, -55.19260, 13.79590,   0.00000, 90.00000, 0.00000);
	CreateObject(19375, 198.66570, -55.19020, 13.79050,   0.00000, 90.00000, 0.00000);
	CreateObject(19375, 198.66960, -45.58000, 13.79270,   0.00000, 90.00000, 0.00000);
	CreateObject(19445, 203.88884, -45.58495, 15.48736,   0.00000, 0.00000, 0.00000);
	CreateObject(19445, 199.51851, -40.85628, 15.48600,   0.00000, 0.00000, 90.00000);
	CreateObject(19445, 193.51511, -45.58680, 15.48600,   0.00000, 0.00000, 0.00000);
	CreateObject(19445, 193.51131, -55.19800, 15.48600,   0.00000, 0.00000, 0.00000);
	CreateObject(19445, 208.61411, -50.31840, 15.48510,   0.00000, 0.00000, 90.00000);
	CreateObject(19445, 214.24609, -48.16630, 15.50030,   0.00000, 0.00000, 0.00000);
	CreateObject(19445, 218.09920, -50.32290, 15.49080,   0.00000, 0.00000, 90.00000);
	CreateObject(19426, 193.97960, -40.85940, 15.48800,   0.00000, 0.00000, 90.00000);
	CreateObject(19426, 214.22360, -59.17200, 15.49080,   0.00000, 0.00000, 0.00000);
	CreateObject(19426, 214.21780, -58.05500, 15.49080,   0.00000, 0.00000, 0.00000);
	CreateObject(19613, 194.54503, -45.35572, 13.87891,   0.00000, 0.00000, 36.23998);
	CreateObject(19613, 203.16319, -45.53218, 13.87851,   0.00000, 0.00000, -28.02000);
	CreateObject(19932, 198.71332, -45.78043, 13.87987,   0.00000, 0.00000, -88.73994);
	CreateObject(19943, 198.11043, -54.78737, 10.16567,   0.00000, 0.00000, 0.00000);
	CreateObject(19897, 198.83411, -45.72710, 15.05570,   0.00000, 0.00000, 0.00000);
	CreateObject(2614, 198.70560, -40.98900, 16.08700,   0.00000, 0.00000, 0.00000);
	CreateObject(1723, 194.12785, -43.90719, 13.87814,   0.00000, 0.00000, 90.30003);
	CreateObject(1723, 203.28035, -42.14917, 13.87775,   0.00000, 0.00000, -91.01998);
	CreateObject(1704, 198.26932, -41.46145, 13.87949,   0.00000, 0.00000, 0.00000);
	CreateObject(1704, 199.57710, -41.43080, 13.66590,   0.00000, 0.00000, 0.00000);
	CreateObject(1704, 197.01649, -41.43060, 13.63980,   0.00000, 0.00000, 0.00000);
	CreateObject(19611, 198.71590, -45.82844, 13.82401,   0.00000, 0.00000, 0.00000);
	CreateObject(19610, 198.72937, -45.81479, 15.45217,   -10.92000, 0.60000, 0.00000);
	CreateObject(1721, 198.33389, -49.74240, 13.84910,   0.00000, 0.00000, 0.00000);
	CreateObject(1721, 199.13530, -49.73410, 13.84960,   0.00000, 0.00000, 0.00000);
	CreateObject(1721, 200.00060, -49.70510, 13.84920,   0.00000, 0.00000, 0.00000);
	CreateObject(1721, 200.92670, -49.68730, 13.84990,   0.00000, 0.00000, 0.00000);
	CreateObject(1721, 197.42050, -49.77840, 13.84940,   0.00000, 0.00000, 0.00000);
	CreateObject(1721, 196.55280, -49.78330, 13.85080,   0.00000, 0.00000, 0.00000);
	CreateObject(1721, 195.79930, -49.77000, 13.85110,   0.00000, 0.00000, 0.00000);
	CreateObject(1721, 199.50500, -51.37280, 13.84640,   0.00000, 0.00000, 0.00000);
	CreateObject(1721, 198.58749, -51.39250, 13.84760,   0.00000, 0.00000, 0.00000);
	CreateObject(1721, 197.67110, -51.38470, 13.84830,   0.00000, 0.00000, 0.00000);
	CreateObject(1721, 196.80901, -51.38340, 13.84840,   0.00000, 0.00000, 0.00000);
	CreateObject(1721, 198.46510, -52.77210, 13.84810,   0.00000, 0.00000, 0.00000);
	CreateObject(1721, 197.77010, -52.75980, 13.84830,   0.00000, 0.00000, 0.00000);
	CreateObject(19445, 203.88950, -55.10960, 15.48790,   0.00000, 0.00000, 0.00000);
	CreateObject(1557, 207.02600, -50.33700, 13.85900,   0.00000, 0.00000, 0.00000);
	CreateObject(1557, 210.04890, -50.34170, 13.85640,   0.00000, 0.00000, -180.00000);
	CreateObject(1536, 203.91991, -55.85470, 13.85520,   0.00000, 0.00000, -90.48000);
	CreateObject(1536, 203.82533, -55.59645, 13.87772,   0.00000, 0.00000, -89.57999);
	CreateObject(638, 203.41550, -58.61370, 14.50280,   0.00000, 0.00000, 0.00000);
	CreateObject(638, 203.44560, -54.29430, 14.49560,   0.00000, 0.00000, 0.00000);
	CreateObject(11711, 203.84579, -56.31960, 16.54380,   0.00000, 0.00000, 90.60000);
	CreateObject(19305, 215.34323, -52.94424, 15.36511,   0.00000, 0.00000, 0.00000);
	CreateObject(19324, 211.94487, -50.76221, 14.51070,   0.00000, 0.00000, 0.00000);
	CreateObject(19997, 201.76010, -41.70450, 13.84900,   0.00000, 0.00000, 89.52000);
	CreateObject(2611, 204.01891, -52.35860, 15.91200,   0.00000, 0.00000, 90.12000);
	CreateObject(19174, 205.57899, -50.39710, 15.95800,   0.00000, 0.00000, -0.06000);
	CreateObject(19175, 193.60071, -52.14064, 15.94815,   0.00000, 0.00000, 90.48003);
	CreateObject(2670, 216.60220, -54.30310, 13.97090,   0.00000, 0.00000, 0.00000);
	CreateObject(2002, 213.35857, -50.91126, 13.88052,   0.00000, 0.00000, 0.00000);
	CreateObject(2595, 201.66005, -41.82523, 15.04962,   0.00000, 0.00000, -107.63995);
	CreateObject(19375, 209.02560, -55.12420, 17.15030,   0.00000, 90.00000, 0.00000);
	CreateObject(19375, 198.75259, -55.12460, 17.17830,   0.00000, 90.00000, 0.00000);
	CreateObject(19375, 198.75070, -45.51140, 17.19340,   0.00000, 90.00000, 0.00000);
	CreateObject(2162, 193.58563, -56.35612, 13.87789,   0.00000, 0.00000, -270.72012);
	CreateObject(18075, 199.70616, -52.78671, 17.08744,   0.00000, 0.00000, 0.00000);
	CreateObject(16779, 209.25609, -55.63453, 17.13824,   0.00000, 0.00000, 0.00000);
	CreateObject(1649, 194.48120, -59.94621, 15.43627,   0.00000, 0.00000, 180.00000);
	CreateObject(1649, 198.76131, -59.94640, 15.44130,   0.00000, 0.00000, 180.00000);
	CreateObject(1649, 203.09360, -59.95010, 15.44290,   0.00000, 0.00000, 180.00000);
	CreateObject(1649, 207.42560, -59.95420, 15.44500,   0.00000, 0.00000, 180.00000);
	CreateObject(1649, 211.75150, -59.96170, 15.44110,   0.00000, 0.00000, 180.00000);
	CreateObject(1649, 216.04849, -59.95380, 15.44430,   0.00000, 0.00000, 180.00000);
	
//______________________________________Obiekty piętro______________________________________________________

	CreateObject(19375, 173.79256, -16.83187, 2.52119,   0.00000, 90.00000, 0.00000);
	CreateObject(18755, 173.28909, -10.07596, 4.52451,   0.00000, 0.00000, 90.30001);
	CreateObject(19375, 184.26961, -16.82910, 2.52620,   0.00000, 90.00000, 0.00000);
	CreateObject(19375, 173.78340, -26.41650, 2.51500,   0.00000, 90.00000, 0.00000);
	CreateObject(19450, 168.63921, -16.83990, 4.31740,   0.00000, 0.00000, 0.00000);
	CreateObject(19450, 168.63670, -26.45880, 4.31200,   0.00000, 0.00000, 0.00000);
	CreateObject(19450, 173.41513, -31.12949, 4.30763,   0.00000, 0.00000, 90.00000);
	CreateObject(19450, 178.07770, -26.33810, 4.31710,   0.00000, 0.00000, 0.00000);
	CreateObject(19450, 182.19521, -19.17960, 4.30260,   0.00000, 0.00000, -59.76000);
	CreateObject(19450, 183.48660, -14.74670, 4.30520,   0.00000, 0.00000, 33.00000);
	CreateObject(19450, 180.22729, -11.95240, 4.30400,   0.00000, 0.00000, 90.18000);
	CreateObject(19450, 166.65739, -12.54380, 4.31740,   0.00000, 0.00000, -83.58000);
	CreateObject(2164, 176.57663, -31.00999, 2.60156,   0.00000, 0.00000, -178.61980);
	CreateObject(2164, 177.99442, -23.46021, 2.60146,   0.00000, 0.00000, -90.17997);
	CreateObject(2164, 168.72258, -23.49752, 2.60185,   0.00000, 0.00000, 89.88000);
	CreateObject(2167, 168.76039, -25.22681, 2.60154,   0.00000, 0.00000, 91.61996);
	CreateObject(2167, 178.13875, -25.93098, 2.60153,   0.00000, 0.00000, -89.39999);
	CreateObject(2158, 168.57108, -28.58296, 2.60225,   0.00000, 0.00000, 90.11999);
	CreateObject(2162, 172.08400, -31.02410, 2.59450,   0.00000, 0.00000, -178.97990);
	CreateObject(2161, 168.74254, -17.99131, 2.60634,   0.00000, 0.00000, 90.66000);
	CreateObject(1736, 173.34840, -30.73430, 4.91670,   0.00000, 0.00000, -179.75990);
	CreateObject(1828, 173.58289, -15.83922, 2.60785,   0.00000, 0.00000, -89.27998);
	CreateObject(1726, 176.13953, -12.60124, 2.60689,   0.00000, 0.00000, 0.00000);
	CreateObject(1726, 181.81619, -13.31428, 2.61084,   0.00000, 0.00000, -56.34000);
	CreateObject(1726, 182.22476, -18.47062, 2.61370,   0.00000, 0.00000, -151.02005);
	CreateObject(2370, 176.85890, -14.63870, 2.14270,   0.00000, 0.00000, 0.00000);
	CreateObject(2370, 181.01070, -15.45310, 2.14600,   0.00000, 0.00000, 33.06000);
	CreateObject(2370, 180.39510, -17.89740, 2.15470,   0.00000, 0.00000, 31.14000);
	CreateObject(1727, 178.90590, -18.86210, 2.61338,   0.00000, 0.00000, 120.06001);
	CreateObject(1727, 177.55626, -16.38014, 2.54852,   0.00000, 0.00000, -179.21988);
	CreateObject(1727, 179.52330, -13.85168, 2.61361,   0.00000, 0.00000, 32.22000);
	CreateObject(2193, 176.69257, -28.81699, 2.60176,   0.00000, 0.00000, 0.00000);
	CreateObject(2172, 169.24867, -27.02691, 2.60117,   0.00000, 0.00000, 0.00000);
	CreateObject(2166, 171.83470, -28.05159, 2.60250,   0.00000, 0.00000, 1.13998);
	CreateObject(2166, 173.51285, -27.12992, 2.60235,   0.00000, 0.00000, -88.80000);
	CreateObject(2356, 173.06232, -28.15169, 2.54550,   0.00000, 0.00000, 0.00000);
	CreateObject(2356, 169.71548, -28.21174, 2.60192,   0.00000, 0.00000, 0.00000);
	CreateObject(1721, 172.20920, -25.40300, 2.59250,   0.00000, 0.00000, -150.18010);
	CreateObject(1721, 173.82147, -25.48385, 2.57508,   0.00000, 0.00000, -212.57994);
	CreateObject(19375, 173.54460, -26.43660, 6.07050,   0.00000, 90.00000, 0.00000);
	CreateObject(19375, 173.53780, -16.81960, 6.07080,   0.00000, 90.00000, 0.00000);
	CreateObject(19375, 183.82280, -16.79770, 6.06900,   0.00000, 90.00000, 0.00000);
	CreateObject(18075, 172.38223, -23.62400, 6.00197,   0.00000, 0.00000, 0.00000);
	CreateObject(16779, 177.27727, -15.95068, 5.97911,   0.00000, 0.00000, 0.00000);


//__________________________________Podmianki parter______________________________________________________

	new obiektol=	CreateObject(19445, 203.88884, -45.58495, 15.48736,   0.00000, 0.00000, 0.00000);
    SetObjectMaterial(obiektol, 0, 18202, "w_towncs_t", "hatwall256hi", 0xFFFFFFFF);

	obiektol=	CreateObject(19445, 199.51851, -40.85628, 15.48600,   0.00000, 0.00000, 90.00000);
    SetObjectMaterial(obiektol, 0, 18202, "w_towncs_t", "hatwall256hi", 0xFFFFFFFF);
    
    obiektol=	CreateObject(19445, 193.51511, -45.58680, 15.48600,   0.00000, 0.00000, 0.00000);
    SetObjectMaterial(obiektol, 0, 18202, "w_towncs_t", "hatwall256hi", 0xFFFFFFFF);
    
    obiektol=	CreateObject(19445, 193.51131, -55.19800, 15.48600,   0.00000, 0.00000, 0.00000);
    SetObjectMaterial(obiektol, 0, 18202, "w_towncs_t", "hatwall256hi", 0xFFFFFFFF);
    
    obiektol=	CreateObject(19445, 208.61411, -50.31840, 15.48510,   0.00000, 0.00000, 90.00000);
    SetObjectMaterial(obiektol, 0, 18202, "w_towncs_t", "hatwall256hi", 0xFFFFFFFF);
    
    obiektol=	CreateObject(19445, 214.24609, -48.16630, 15.50030,   0.00000, 0.00000, 0.00000);
    SetObjectMaterial(obiektol, 0, 18202, "w_towncs_t", "hatwall256hi", 0xFFFFFFFF);
    
    obiektol=	CreateObject(19445, 218.09920, -50.32290, 15.49080,   0.00000, 0.00000, 90.00000);
    SetObjectMaterial(obiektol, 0, 18202, "w_towncs_t", "hatwall256hi", 0xFFFFFFFF);
    
    obiektol=    CreateObject(19445, 203.88950, -55.10960, 15.48790,   0.00000, 0.00000, 0.00000);
    SetObjectMaterial(obiektol, 0, 18202, "w_towncs_t", "hatwall256hi", 0xFFFFFFFF);
    
    obiektol=    CreateObject(19426, 193.97960, -40.85940, 15.48800,   0.00000, 0.00000, 90.00000);
    SetObjectMaterial(obiektol, 0, 18202, "w_towncs_t", "hatwall256hi", 0xFFFFFFFF);
    
    obiektol=	CreateObject(19426, 214.22360, -59.17200, 15.49080,   0.00000, 0.00000, 0.00000);
    SetObjectMaterial(obiektol, 0, 18202, "w_towncs_t", "hatwall256hi", 0xFFFFFFFF);
    
    obiektol=	CreateObject(19426, 214.21780, -58.05500, 15.49080,   0.00000, 0.00000, 0.00000);
    SetObjectMaterial(obiektol, 0, 18202, "w_towncs_t", "hatwall256hi", 0xFFFFFFFF);
    
//______________________________Podmianki piętro_____________________________________________________

	obiektol=   CreateObject(19450, 168.63921, -16.83990, 4.31740,   0.00000, 0.00000, 0.00000);
	SetObjectMaterial(obiektol, 0, 8678, "wddngchplgrnd01", "vgschapelwall01_128", 0xFFFFFFFF);
	
	obiektol=	CreateObject(19450, 168.63670, -26.45880, 4.31200,   0.00000, 0.00000, 0.00000);
	SetObjectMaterial(obiektol, 0, 8678, "wddngchplgrnd01", "vgschapelwall01_128", 0xFFFFFFFF);
	
	obiektol=	CreateObject(19450, 173.41513, -31.12949, 4.30763,   0.00000, 0.00000, 90.00000);
	SetObjectMaterial(obiektol, 0, 8678, "wddngchplgrnd01", "vgschapelwall01_128", 0xFFFFFFFF);
	
	obiektol=	CreateObject(19450, 178.07770, -26.33810, 4.31710,   0.00000, 0.00000, 0.00000);
	SetObjectMaterial(obiektol, 0, 8678, "wddngchplgrnd01", "vgschapelwall01_128", 0xFFFFFFFF);
	
	obiektol= 	CreateObject(19450, 182.19521, -19.17960, 4.30260,   0.00000, 0.00000, -59.76000);
	SetObjectMaterial(obiektol, 0, 8678, "wddngchplgrnd01", "vgschapelwall01_128", 0xFFFFFFFF);
	
	obiektol=	CreateObject(19450, 183.48660, -14.74670, 4.30520,   0.00000, 0.00000, 33.00000);
	SetObjectMaterial(obiektol, 0, 8678, "wddngchplgrnd01", "vgschapelwall01_128", 0xFFFFFFFF);
	
	obiektol=	CreateObject(19450, 180.22729, -11.95240, 4.30400,   0.00000, 0.00000, 90.18000);
	SetObjectMaterial(obiektol, 0, 8678, "wddngchplgrnd01", "vgschapelwall01_128", 0xFFFFFFFF);
	
	obiektol=	CreateObject(19450, 166.65739, -12.54380, 4.31740,   0.00000, 0.00000, -83.58000);
	SetObjectMaterial(obiektol, 0, 8678, "wddngchplgrnd01", "vgschapelwall01_128", 0xFFFFFFFF);
	
    
    

	
	return 1;
}

public OnPlayerConnect(playerid)
{

	RemoveBuildingForPlayer(playerid, 1688, 215.9375, -43.4922, 9.9531, 0.25);//exterior
	RemoveBuildingForPlayer(playerid, 1687, 215.5938, -46.7344, 9.8594, 0.25);//exterior
	
    return 1;
}
