//Sala_Swiateczna_poprawiona_przez_SzYm3k

#include <a_samp>

public OnFilterScriptInit()
{
	CreateObject(6189, 1445.79980, -1576.19922, 9028.29980,   0.00000, 0.00000, 0.00000);
	CreateObject(3944, 1461.42969, -1584.09961, 9043.00000,   0.00000, 0.00000, 270.00000);
	CreateObject(3944, 1461.42969, -1566.29980, 9043.00000,   0.00000, 0.00000, 270.00000);
	CreateObject(3944, 1461.43005, -1548.50000, 9043.00000,   0.00000, 0.00000, 270.00000);
	CreateObject(3944, 1461.42969, -1601.59961, 9043.00000,   0.00000, 0.00000, 270.00000);
	CreateObject(3944, 1461.43005, -1618.40002, 9043.00000,   0.00000, 0.00000, 270.00000);
	CreateObject(3944, 1454.00000, -1639.19922, 9042.29980,   0.00000, 0.00000, 179.99451);
	CreateObject(3944, 1461.42969, -1530.50000, 9043.00000,   0.00000, 0.00000, 270.00000);
	CreateObject(3944, 1461.39941, -1515.59961, 9042.90039,   0.00000, 0.00000, 270.00000);
	CreateObject(3944, 1430.09961, -1634.69922, 9043.00000,   0.00000, 0.00000, 90.00000);
	CreateObject(3944, 1430.09998, -1618.80005, 9043.00000,   0.00000, 0.00000, 90.00000);
	CreateObject(3944, 1430.09961, -1601.59961, 9043.00000,   0.00000, 0.00000, 90.00000);
	CreateObject(3944, 1430.09863, -1561.79980, 9043.00000,   0.00000, 0.00000, 90.00000);
	CreateObject(3944, 1430.09998, -1550.09998, 9043.00000,   0.00000, 0.00000, 90.00000);
	CreateObject(3944, 1430.09961, -1532.29980, 9043.00000,   0.00000, 0.00000, 90.00000);
	CreateObject(3944, 1430.09961, -1515.19922, 9043.00000,   0.00000, 0.00000, 90.00000);
	CreateObject(3944, 1461.42969, -1633.50000, 9043.00000,   0.00000, 0.00000, 270.00000);
	CreateObject(3944, 1437.59961, -1639.19922, 9042.29980,   0.00000, 0.00000, 179.99451);
	CreateObject(3944, 1453.00000, -1639.19922, 9045.79980,   0.00000, 0.00000, 179.99451);
	CreateObject(3944, 1437.59961, -1639.19922, 9045.79980,   0.00000, 0.00000, 179.99451);
	CreateObject(3944, 1444.19922, -1626.69922, 9040.79980,   0.00000, 0.00000, 179.99451);
	CreateObject(3944, 1430.21790, -1635.68945, 9036.27246,   1.41720, 35.76050, 180.30000);
	CreateObject(3944, 1454.40002, -1636.57898, 9040.84961,   0.00000, 0.00000, 91.50000);
	CreateObject(6088, 1435.00000, -1644.22949, 9040.40039,   0.00000, 0.00000, 0.69763);
	CreateObject(6088, 1437.90137, -1644.22949, 9040.40039,   0.00000, 0.00000, 0.69763);
	CreateObject(3944, 1434.39990, -1636.80005, 9040.79980,   0.00000, 0.00000, 270.70007);
	CreateObject(3944, 1430.09961, -1634.69922, 9045.79980,   0.00000, 0.00000, 90.00000);
	CreateObject(3944, 1430.09961, -1618.79980, 9045.79980,   0.00000, 0.00000, 90.00000);
	CreateObject(3944, 1430.09961, -1601.59961, 9045.80957,   0.00000, 0.00000, 90.00000);
	CreateObject(3944, 1430.09961, -1584.29980, 9045.79980,   0.00000, 0.00000, 90.00000);
	CreateObject(3944, 1430.09998, -1567.50000, 9046.47070,   0.00000, 0.00000, 90.00000);
	CreateObject(3944, 1430.09998, -1550.09998, 9045.79980,   0.00000, 0.00000, 90.00000);
	CreateObject(3944, 1430.09998, -1532.30005, 9045.79980,   0.00000, 0.00000, 90.00000);
	CreateObject(3944, 1430.09961, -1515.19922, 9045.79980,   0.00000, 0.00000, 90.00000);
	CreateObject(3944, 1461.42969, -1633.50000, 9045.79980,   0.00000, 0.00000, 270.00000);
	CreateObject(3944, 1461.42969, -1618.39941, 9045.79980,   0.00000, 0.00000, 270.00000);
	CreateObject(3944, 1461.42969, -1601.59961, 9045.79980,   0.00000, 0.00000, 270.00000);
	CreateObject(3944, 1461.42969, -1584.09961, 9045.79980,   0.00000, 0.00000, 270.00000);
	CreateObject(3944, 1461.42969, -1566.29980, 9045.79980,   0.00000, 0.00000, 270.00000);
	CreateObject(3944, 1461.43005, -1548.50000, 9045.79980,   0.00000, 0.00000, 270.00000);
	CreateObject(3944, 1461.43005, -1530.50000, 9045.79980,   0.00000, 0.00000, 270.00000);
	CreateObject(2232, 1452.19922, -1628.50000, 9045.40039,   0.00000, 0.00000, 179.99451);
	CreateObject(2232, 1436.59998, -1628.59998, 9045.40039,   0.00000, 0.00000, 180.00000);
	CreateObject(2773, 1436.50000, -1627.80005, 9045.29980,   0.00000, 0.00000, 270.00000);
	CreateObject(2773, 1438.39941, -1627.79980, 9045.29980,   0.00000, 0.00000, 270.00000);
	CreateObject(2773, 1440.29980, -1627.79980, 9045.29980,   0.00000, 0.00000, 270.00000);
	CreateObject(2773, 1442.19922, -1627.79980, 9045.29980,   0.00000, 0.00000, 270.00000);
	CreateObject(2773, 1444.09998, -1627.80005, 9045.29980,   0.00000, 0.00000, 270.00000);
	CreateObject(2773, 1446.00000, -1627.79980, 9045.29980,   0.00000, 0.00000, 270.00000);
	CreateObject(2773, 1447.89941, -1627.79980, 9045.29980,   0.00000, 0.00000, 270.00000);
	CreateObject(2773, 1449.79980, -1627.79980, 9045.29980,   0.00000, 0.00000, 270.00000);
	CreateObject(2773, 1452.69922, -1628.79980, 9045.29980,   0.00000, 0.00000, 179.99451);
	CreateObject(2773, 1451.69922, -1627.79980, 9045.29980,   0.00000, 0.00000, 270.00000);
	CreateObject(2773, 1451.69922, -1627.79980, 9045.29980,   0.00000, 0.00000, 270.00000);
	CreateObject(2773, 1452.69995, -1630.71997, 9045.29980,   0.00000, 0.00000, 179.99451);
	CreateObject(2773, 1452.68945, -1632.66992, 9045.29980,   0.00000, 0.00000, 179.99451);
	CreateObject(2773, 1452.69995, -1634.59998, 9045.29980,   0.00000, 0.00000, 179.99451);
	CreateObject(2773, 1452.68994, -1636.52002, 9045.29980,   0.00000, 0.00000, 179.99451);
	CreateObject(2773, 1452.69995, -1638.44995, 9045.29980,   0.00000, 0.00000, 179.99451);
	CreateObject(2773, 1435.56006, -1628.76001, 9045.29980,   0.00000, 0.00000, 180.00000);
	CreateObject(2773, 1435.56006, -1630.68994, 9045.29980,   0.00000, 0.00000, 179.99451);
	CreateObject(2773, 1435.59961, -1632.59961, 9045.29980,   0.00000, 0.00000, 179.99451);
	CreateObject(2773, 1435.59998, -1634.53003, 9045.29980,   0.00000, 0.00000, 179.99451);
	CreateObject(3472, 1453.09961, -1627.89941, 9038.29980,   0.00000, 0.00000, 267.99500);
	CreateObject(3472, 1435.37219, -1628.59790, 9038.29980,   0.00000, 0.00000, 267.99500);
	CreateObject(3534, 1453.00000, -1627.50000, 9044.09961,   0.00000, 0.00000, 0.00000);
	CreateObject(3534, 1435.20056, -1627.57031, 9044.09961,   0.00000, 0.00000, 0.00000);
	CreateObject(8172, 1421.29980, -1504.29980, 9041.09961,   0.00000, 267.99500, 270.00000);
	CreateObject(8392, 1453.19922, -1530.00000, 8989.53809,   0.00000, 90.00000, 90.23071);
	CreateObject(8392, 1432.50000, -1530.00000, 8989.53027,   0.00000, 90.00000, 89.99451);
	CreateObject(3944, 1461.42969, -1515.59961, 9045.79980,   0.00000, 0.00000, 270.00000);
	CreateObject(3944, 1430.09998, -1515.19995, 9039.79980,   0.00000, 0.00000, 90.00000);
	CreateObject(3944, 1461.39941, -1515.59961, 9041.00000,   0.00000, 0.00000, 270.00000);
	CreateObject(991, 1458.09863, -1504.50000, 9043.00000,   0.00000, 0.00000, 0.00000);
	CreateObject(3944, 1420.19922, -1572.19922, 9043.00000,   0.00000, 0.00000, 0.00000);
	CreateObject(3944, 1420.21582, -1574.37695, 9043.00000,   0.00000, 0.00000, 179.99451);
	CreateObject(3944, 1453.19922, -1507.59961, 9045.79980,   0.00000, 0.00000, 0.00000);
	CreateObject(3944, 1435.14941, -1507.59961, 9045.79980,   0.00000, 0.00000, 0.00000);
	CreateObject(3944, 1460.19995, -1507.59998, 9037.29980,   0.00000, 90.00000, 0.00000);
	CreateObject(3944, 1422.29980, -1507.58984, 9046.79980,   0.00000, 180.00000, 0.00000);
	CreateObject(3944, 1422.50000, -1507.56641, 9042.00000,   0.00000, 0.00000, 0.00000);
	CreateObject(3850, 1460.30005, -1626.00000, 9043.40039,   0.00000, 0.00000, 270.00000);
	CreateObject(3850, 1456.89941, -1626.00000, 9043.40039,   0.00000, 0.00000, 270.00000);
	CreateObject(3850, 1453.50000, -1626.00000, 9043.40039,   0.00000, 0.00000, 270.00000);
	CreateObject(3850, 1450.09998, -1626.00000, 9043.40039,   0.00000, 0.00000, 270.00000);
	CreateObject(3850, 1446.69922, -1626.00000, 9043.40039,   0.00000, 0.00000, 270.00000);
	CreateObject(991, 1451.59961, -1504.50000, 9043.00000,   0.00000, 0.00000, 0.00000);
	CreateObject(3850, 1443.30005, -1626.00000, 9043.40039,   0.00000, 0.00000, 270.00000);
	CreateObject(3850, 1439.90002, -1626.00000, 9043.40039,   0.00000, 0.00000, 270.00000);
	CreateObject(3850, 1436.50000, -1626.00000, 9043.40039,   0.00000, 0.00000, 270.00000);
	CreateObject(3850, 1431.09961, -1626.00000, 9043.40039,   0.00000, 0.00000, 270.00000);
	CreateObject(991, 1445.29980, -1504.50000, 9043.00000,   0.00000, 0.00000, 0.00000);
	CreateObject(991, 1438.60999, -1504.50000, 9043.00000,   0.00000, 0.00000, 0.00000);
	CreateObject(991, 1432.09998, -1504.50000, 9043.00000,   0.00000, 0.00000, 0.00000);
	CreateObject(991, 1428.80005, -1505.40002, 9043.00000,   0.00000, 0.00000, 16.00000);
	CreateObject(991, 1462.90002, -1505.69995, 9043.00000,   0.00000, 0.00000, 338.00000);
	CreateObject(4585, 1408.89941, -1582.79980, 8943.70020,   0.00000, 0.00000, 0.00000);
	CreateObject(19129, 1444.90002, -1614.09998, 9042.90039,   0.00000, 0.00000, 0.00000);
	CreateObject(19076, 1457.29980, -1632.09961, 9040.61719,   0.00000, 0.00000, 163.99841);
	CreateObject(19279, 1449.80005, -1628.90002, 9045.00000,   0.00000, 0.00000, 178.00000);
	CreateObject(19279, 1438.59998, -1628.69995, 9045.00000,   0.00000, 0.00000, 181.99953);
	CreateObject(19279, 1445.80005, -1628.80005, 9045.00000,   0.00000, 0.00000, 181.99500);
	CreateObject(19279, 1442.00000, -1628.90002, 9045.00000,   0.00000, 0.00000, 181.99402);
	CreateObject(18863, 1392.90002, -1489.69995, 9051.50000,   0.00000, 0.00000, 176.00000);
	CreateObject(18863, 1412.59998, -1484.69995, 9051.50000,   0.00000, 0.00000, 175.99548);
	CreateObject(18863, 1357.90002, -1495.69995, 9051.50000,   0.00000, 0.00000, 175.99548);
	CreateObject(8710, 1420.19922, -1635.09961, 9079.50000,   0.00000, 90.00000, 0.00000);
	CreateObject(8710, 1420.19922, -1575.66602, 9079.50000,   0.00000, 90.00000, 0.00000);
	CreateObject(8710, 1420.19922, -1541.00000, 9079.50000,   0.00000, 90.00000, 0.00000);
	CreateObject(3944, 1429.72192, -1573.05139, 9044.33984,   90.00000, 179.99451, 90.00000);
	CreateObject(3944, 1424.50000, -1572.79980, 9044.90039,   90.00000, 180.00549, 89.98901);
	CreateObject(3944, 1421.30005, -1572.40002, 9044.90039,   90.00000, 180.00549, 89.98904);
	CreateObject(3944, 1420.19995, -1572.19995, 9042.50000,   0.00000, 0.00000, 91.99994);
	CreateObject(19056, 1458.40002, -1629.50000, 9043.50000,   0.00000, 0.00000, 0.00000);
	CreateObject(19054, 1454.50000, -1632.59998, 9043.50000,   0.00000, 0.00000, 0.00000);
	CreateObject(19055, 1455.80005, -1630.19995, 9043.50000,   0.00000, 0.00000, 0.00000);
	CreateObject(19058, 1456.89941, -1629.09961, 9043.50000,   0.00000, 0.00000, 0.00000);
	CreateObject(19058, 1461.40002, -1630.09998, 9043.50000,   0.00000, 0.00000, 0.00000);
	CreateObject(19054, 1461.40002, -1628.80005, 9043.50000,   0.00000, 0.00000, 0.00000);
	CreateObject(19056, 1461.40002, -1629.50000, 9044.66992,   0.00000, 0.00000, 0.00000);
	CreateObject(19040, 1434.39941, -1638.69922, 9042.40039,   0.00000, 0.00000, 1.99951);
	CreateObject(2357, 1449.19922, -1549.29004, 9043.20020,   0.00000, 0.00000, 270.00000);
	CreateObject(2357, 1447.88965, -1549.29004, 9043.20020,   0.00000, 0.00000, 270.00000);
	CreateObject(2357, 1447.89001, -1557.80005, 9043.20020,   0.00000, 0.00000, 270.00000);
	CreateObject(2357, 1449.19922, -1557.80005, 9043.20020,   0.00000, 0.00000, 270.00000);
	CreateObject(2357, 1447.88965, -1562.05005, 9043.20020,   0.00000, 0.00000, 270.00000);
	CreateObject(2357, 1449.19922, -1562.05005, 9043.20020,   0.00000, 0.00000, 270.00000);
	CreateObject(2357, 1447.88965, -1566.30005, 9043.20020,   0.00000, 0.00000, 270.00000);
	CreateObject(2357, 1449.19922, -1566.30005, 9043.20020,   0.00000, 0.00000, 270.00000);
	CreateObject(2357, 1449.19922, -1570.55005, 9043.20020,   0.00000, 0.00000, 270.00000);
	CreateObject(2357, 1447.88965, -1570.55005, 9043.20020,   0.00000, 0.00000, 270.00000);
	CreateObject(19176, 1419.40002, -1573.30005, 9045.00000,   0.00000, 0.00000, 270.00000);
	CreateObject(2357, 1449.19922, -1574.79980, 9043.20020,   0.00000, 0.00000, 270.00000);
	CreateObject(2357, 1447.88965, -1574.80005, 9043.20020,   0.00000, 0.00000, 270.00000);
	CreateObject(2357, 1447.88965, -1579.05005, 9043.20020,   0.00000, 0.00000, 270.00000);
	CreateObject(2357, 1449.19922, -1579.05005, 9043.20020,   0.00000, 0.00000, 270.00000);
	CreateObject(2357, 1447.88965, -1583.30005, 9043.20020,   0.00000, 0.00000, 270.00000);
	CreateObject(2357, 1449.19922, -1583.30005, 9043.20020,   0.00000, 0.00000, 270.00000);
	CreateObject(2357, 1447.88965, -1587.50000, 9043.20020,   0.00000, 0.00000, 270.00000);
	CreateObject(2357, 1449.19922, -1587.50000, 9043.20020,   0.00000, 0.00000, 270.00000);
	CreateObject(2357, 1447.88965, -1591.71997, 9043.20020,   0.00000, 0.00000, 270.00000);
	CreateObject(2357, 1449.19922, -1591.71973, 9043.20020,   0.00000, 0.00000, 270.00000);
	CreateObject(2357, 1444.00000, -1591.71973, 9043.20020,   0.00000, 0.00000, 270.00000);
	CreateObject(2357, 1444.00000, -1587.50000, 9043.20020,   0.00000, 0.00000, 270.00000);
	CreateObject(2357, 1444.00000, -1583.29980, 9043.20020,   0.00000, 0.00000, 270.00000);
	CreateObject(2357, 1444.00000, -1579.04980, 9043.20020,   0.00000, 0.00000, 270.00000);
	CreateObject(2357, 1444.00000, -1574.79980, 9043.20020,   0.00000, 0.00000, 270.00000);
	CreateObject(2357, 1444.00000, -1570.54980, 9043.20020,   0.00000, 0.00000, 270.00000);
	CreateObject(2357, 1444.00000, -1566.29980, 9043.20020,   0.00000, 0.00000, 270.00000);
	CreateObject(2357, 1444.00000, -1562.04980, 9043.20020,   0.00000, 0.00000, 270.00000);
	CreateObject(2357, 1444.00000, -1557.79980, 9043.20020,   0.00000, 0.00000, 270.00000);
	CreateObject(2357, 1444.00000, -1549.29004, 9043.20020,   0.00000, 0.00000, 270.00000);
	CreateObject(2357, 1442.69922, -1591.71973, 9043.20020,   0.00000, 0.00000, 270.00000);
	CreateObject(2357, 1442.69995, -1587.50000, 9043.20020,   0.00000, 0.00000, 270.00000);
	CreateObject(2357, 1442.69995, -1583.29980, 9043.20020,   0.00000, 0.00000, 270.00000);
	CreateObject(2357, 1442.69995, -1579.04980, 9043.20020,   0.00000, 0.00000, 270.00000);
	CreateObject(2357, 1442.69995, -1574.79980, 9043.20020,   0.00000, 0.00000, 270.00000);
	CreateObject(2357, 1442.69995, -1570.54980, 9043.20020,   0.00000, 0.00000, 270.00000);
	CreateObject(2357, 1442.69995, -1566.29980, 9043.20020,   0.00000, 0.00000, 270.00000);
	CreateObject(2357, 1442.69995, -1562.04980, 9043.20020,   0.00000, 0.00000, 270.00000);
	CreateObject(2357, 1442.69995, -1557.79980, 9043.20020,   0.00000, 0.00000, 270.00000);
	CreateObject(2357, 1442.69922, -1549.29004, 9043.20020,   0.00000, 0.00000, 270.00000);
	CreateObject(1720, 1444.00000, -1546.33997, 9042.79980,   0.00000, 0.00000, 0.00000);
	CreateObject(1720, 1449.29980, -1546.33997, 9042.79980,   0.00000, 0.00000, 0.00000);
	CreateObject(1720, 1448.00000, -1546.33997, 9042.79980,   0.00000, 0.00000, 0.00000);
	CreateObject(1720, 1442.69922, -1546.33997, 9042.79980,   0.00000, 0.00000, 0.00000);
	CreateObject(1720, 1450.66602, -1548.19922, 9042.79980,   0.00000, 0.00000, 270.00000);
	CreateObject(1720, 1445.47998, -1548.19922, 9042.79980,   0.00000, 0.00000, 270.00000);
	CreateObject(1720, 1450.66602, -1549.19824, 9042.79980,   0.00000, 0.00000, 270.00000);
	CreateObject(1720, 1445.47998, -1549.19824, 9042.79980,   0.00000, 0.00000, 270.00000);
	CreateObject(1720, 1450.66602, -1550.19922, 9042.79980,   0.00000, 0.00000, 270.00000);
	CreateObject(1720, 1445.47998, -1550.19922, 9042.79980,   0.00000, 0.00000, 270.00000);
	CreateObject(1720, 1450.66602, -1552.19922, 9042.79980,   0.00000, 0.00000, 270.00000);
	CreateObject(1720, 1445.47998, -1552.19922, 9042.79980,   0.00000, 0.00000, 270.00000);
	CreateObject(1720, 1450.66602, -1553.19922, 9042.79980,   0.00000, 0.00000, 270.00000);
	CreateObject(1720, 1450.66602, -1556.19922, 9042.79980,   0.00000, 0.00000, 270.00000);
	CreateObject(1720, 1450.66602, -1557.19922, 9042.79980,   0.00000, 0.00000, 270.00000);
	CreateObject(1720, 1450.66602, -1558.19922, 9042.79980,   0.00000, 0.00000, 270.00000);
	CreateObject(1720, 1450.66602, -1560.69922, 9042.79980,   0.00000, 0.00000, 270.00000);
	CreateObject(1720, 1450.66602, -1561.69922, 9042.79980,   0.00000, 0.00000, 270.00000);
	CreateObject(1720, 1450.66602, -1562.69922, 9042.79980,   0.00000, 0.00000, 270.00000);
	CreateObject(1720, 1450.66602, -1564.99902, 9042.79980,   0.00000, 0.00000, 270.00000);
	CreateObject(1720, 1450.66602, -1565.99902, 9042.79980,   0.00000, 0.00000, 270.00000);
	CreateObject(1720, 1450.66602, -1566.99902, 9042.79980,   0.00000, 0.00000, 270.00000);
	CreateObject(1720, 1450.66602, -1569.29980, 9042.79980,   0.00000, 0.00000, 270.00000);
	CreateObject(1720, 1450.66602, -1570.29004, 9042.79980,   0.00000, 0.00000, 270.00000);
	CreateObject(1720, 1450.66602, -1571.29004, 9042.79980,   0.00000, 0.00000, 270.00000);
	CreateObject(1720, 1450.66602, -1573.55469, 9042.79980,   0.00000, 0.00000, 270.00000);
	CreateObject(1720, 1450.66602, -1574.55469, 9042.79980,   0.00000, 0.00000, 270.00000);
	CreateObject(1720, 1450.66602, -1575.55469, 9042.79980,   0.00000, 0.00000, 270.00000);
	CreateObject(1720, 1450.66602, -1577.76953, 9042.79980,   0.00000, 0.00000, 270.00000);
	CreateObject(1720, 1450.66602, -1578.76953, 9042.79980,   0.00000, 0.00000, 270.00000);
	CreateObject(1720, 1450.66602, -1579.76953, 9042.79980,   0.00000, 0.00000, 270.00000);
	CreateObject(1720, 1450.66602, -1582.00000, 9042.79980,   0.00000, 0.00000, 270.00000);
	CreateObject(1720, 1450.66602, -1583.00000, 9042.79980,   0.00000, 0.00000, 270.00000);
	CreateObject(1720, 1450.66602, -1584.00000, 9042.79980,   0.00000, 0.00000, 270.00000);
	CreateObject(1720, 1450.66602, -1586.19922, 9042.79980,   0.00000, 0.00000, 270.00000);
	CreateObject(1720, 1450.66602, -1587.19922, 9042.79980,   0.00000, 0.00000, 270.00000);
	CreateObject(1720, 1450.66602, -1588.19922, 9042.79980,   0.00000, 0.00000, 270.00000);
	CreateObject(1720, 1450.66602, -1590.39941, 9042.79980,   0.00000, 0.00000, 270.00000);
	CreateObject(1720, 1450.66602, -1591.39941, 9042.79980,   0.00000, 0.00000, 270.00000);
	CreateObject(1720, 1450.66602, -1592.39941, 9042.79980,   0.00000, 0.00000, 270.00000);
	CreateObject(1720, 1445.47998, -1592.39941, 9042.79980,   0.00000, 0.00000, 270.00000);
	CreateObject(1720, 1445.47998, -1591.39941, 9042.79980,   0.00000, 0.00000, 270.00000);
	CreateObject(1720, 1445.47998, -1590.39941, 9042.79980,   0.00000, 0.00000, 270.00000);
	CreateObject(1720, 1445.47998, -1588.19922, 9042.79980,   0.00000, 0.00000, 270.00000);
	CreateObject(1720, 1445.47998, -1587.19922, 9042.79980,   0.00000, 0.00000, 270.00000);
	CreateObject(1720, 1445.47998, -1584.00000, 9042.79980,   0.00000, 0.00000, 270.00000);
	CreateObject(1720, 1445.47998, -1583.00000, 9042.79980,   0.00000, 0.00000, 270.00000);
	CreateObject(1720, 1445.47998, -1582.00000, 9042.79980,   0.00000, 0.00000, 270.00000);
	CreateObject(1720, 1445.47998, -1579.76953, 9042.79980,   0.00000, 0.00000, 270.00000);
	CreateObject(1720, 1445.47998, -1578.76953, 9042.79980,   0.00000, 0.00000, 270.00000);
	CreateObject(1720, 1445.47998, -1577.76953, 9042.79980,   0.00000, 0.00000, 270.00000);
	CreateObject(1720, 1445.47998, -1575.55469, 9042.79980,   0.00000, 0.00000, 270.00000);
	CreateObject(1720, 1445.47998, -1574.55469, 9042.79980,   0.00000, 0.00000, 270.00000);
	CreateObject(1720, 1445.47998, -1573.55469, 9042.79980,   0.00000, 0.00000, 270.00000);
	CreateObject(1720, 1445.47998, -1571.29004, 9042.79980,   0.00000, 0.00000, 270.00000);
	CreateObject(1720, 1445.47998, -1570.29004, 9042.79980,   0.00000, 0.00000, 270.00000);
	CreateObject(1720, 1445.47998, -1569.29980, 9042.79980,   0.00000, 0.00000, 270.00000);
	CreateObject(1720, 1445.47998, -1566.99902, 9042.79980,   0.00000, 0.00000, 270.00000);
	CreateObject(1720, 1445.47998, -1565.99902, 9042.79980,   0.00000, 0.00000, 270.00000);
	CreateObject(1720, 1445.47998, -1564.99902, 9042.79980,   0.00000, 0.00000, 270.00000);
	CreateObject(1720, 1445.47998, -1562.69922, 9042.79980,   0.00000, 0.00000, 270.00000);
	CreateObject(1720, 1445.47998, -1561.69922, 9042.79980,   0.00000, 0.00000, 270.00000);
	CreateObject(1720, 1445.47998, -1560.69922, 9042.79980,   0.00000, 0.00000, 270.00000);
	CreateObject(1720, 1445.47998, -1558.19922, 9042.79980,   0.00000, 0.00000, 270.00000);
	CreateObject(1720, 1445.47998, -1557.19922, 9042.79980,   0.00000, 0.00000, 270.00000);
	CreateObject(1720, 1445.47998, -1556.19922, 9042.79980,   0.00000, 0.00000, 270.00000);
	CreateObject(1720, 1445.47998, -1553.19922, 9042.79980,   0.00000, 0.00000, 270.00000);
	CreateObject(19076, 1450.09998, -1517.50000, 9054.40039,   0.00000, 0.00000, 0.00000);
	CreateObject(19076, 1459.40002, -1511.09998, 9036.59961,   0.00000, 0.00000, 305.99988);
	CreateObject(19054, 1457.09998, -1511.09998, 9043.50000,   0.00000, 0.00000, 0.00000);
	CreateObject(19055, 1459.19995, -1512.90002, 9043.50000,   0.00000, 0.00000, 0.00000);
	CreateObject(19066, 1457.59961, -1512.69922, 9042.90039,   0.00000, 0.00000, 219.99573);
	CreateObject(3944, 1422.50000, -1507.59961, 9045.50000,   0.00000, 0.00000, 0.00000);
	CreateObject(1720, 1441.22998, -1548.19885, 9042.79980,   0.00000, 0.00000, 90.00000);
	CreateObject(1720, 1441.22998, -1549.19824, 9042.79980,   0.00000, 0.00000, 90.00000);
	CreateObject(1720, 1441.22998, -1550.19995, 9042.79980,   0.00000, 0.00000, 90.00000);
	CreateObject(1720, 1441.22998, -1552.19824, 9042.79980,   0.00000, 0.00000, 90.00000);
	CreateObject(1720, 1441.22998, -1553.19824, 9042.79980,   0.00000, 0.00000, 90.00000);
	CreateObject(1720, 1441.22998, -1556.19824, 9042.79980,   0.00000, 0.00000, 90.00000);
	CreateObject(1720, 1441.22998, -1557.19824, 9042.79980,   0.00000, 0.00000, 90.00000);
	CreateObject(1720, 1441.22998, -1558.19824, 9042.79980,   0.00000, 0.00000, 90.00000);
	CreateObject(1720, 1441.22998, -1560.68945, 9042.79980,   0.00000, 0.00000, 90.00000);
	CreateObject(1720, 1441.22998, -1561.68945, 9042.79980,   0.00000, 0.00000, 90.00000);
	CreateObject(1720, 1441.22998, -1562.68945, 9042.79980,   0.00000, 0.00000, 90.00000);
	CreateObject(1720, 1441.22998, -1564.99902, 9042.79980,   0.00000, 0.00000, 90.00000);
	CreateObject(1720, 1441.22998, -1565.99902, 9042.79980,   0.00000, 0.00000, 90.00000);
	CreateObject(1720, 1441.22998, -1566.99902, 9042.79980,   0.00000, 0.00000, 90.00000);
	CreateObject(1720, 1441.22998, -1569.29004, 9042.79980,   0.00000, 0.00000, 90.00000);
	CreateObject(1720, 1441.22998, -1570.29004, 9042.79980,   0.00000, 0.00000, 90.00000);
	CreateObject(1720, 1441.22998, -1571.29004, 9042.79980,   0.00000, 0.00000, 90.00000);
	CreateObject(1720, 1441.22998, -1573.54980, 9042.79980,   0.00000, 0.00000, 90.00000);
	CreateObject(1720, 1441.22998, -1574.54980, 9042.79980,   0.00000, 0.00000, 90.00000);
	CreateObject(1720, 1441.22998, -1575.54980, 9042.79980,   0.00000, 0.00000, 90.00000);
	CreateObject(1720, 1441.22998, -1577.76953, 9042.79980,   0.00000, 0.00000, 90.00000);
	CreateObject(1720, 1441.22998, -1578.76953, 9042.79980,   0.00000, 0.00000, 90.00000);
	CreateObject(1720, 1441.22998, -1579.76953, 9042.79980,   0.00000, 0.00000, 90.00000);
	CreateObject(1720, 1441.22998, -1582.00000, 9042.79980,   0.00000, 0.00000, 90.00000);
	CreateObject(1720, 1441.22998, -1583.00000, 9042.79980,   0.00000, 0.00000, 90.00000);
	CreateObject(1720, 1441.22998, -1584.00000, 9042.79980,   0.00000, 0.00000, 90.00000);
	CreateObject(1720, 1441.22998, -1586.18945, 9042.79980,   0.00000, 0.00000, 90.00000);
	CreateObject(1720, 1441.22998, -1587.18945, 9042.79980,   0.00000, 0.00000, 90.00000);
	CreateObject(1720, 1441.22998, -1588.18945, 9042.79980,   0.00000, 0.00000, 90.00000);
	CreateObject(1720, 1441.22998, -1590.39844, 9042.79980,   0.00000, 0.00000, 90.00000);
	CreateObject(1720, 1441.22998, -1591.39844, 9042.79980,   0.00000, 0.00000, 90.00000);
	CreateObject(1720, 1441.22998, -1592.39844, 9042.79980,   0.00000, 0.00000, 90.00000);
	CreateObject(1720, 1446.38000, -1592.39844, 9042.79980,   0.00000, 0.00000, 90.00000);
	CreateObject(1720, 1446.38000, -1591.39844, 9042.79980,   0.00000, 0.00000, 90.00000);
	CreateObject(1720, 1446.38000, -1590.39844, 9042.79980,   0.00000, 0.00000, 90.00000);
	CreateObject(1720, 1446.38000, -1588.18945, 9042.79980,   0.00000, 0.00000, 90.00000);
	CreateObject(1720, 1446.38000, -1587.18945, 9042.79980,   0.00000, 0.00000, 90.00000);
	CreateObject(1720, 1446.38000, -1586.18945, 9042.79980,   0.00000, 0.00000, 90.00000);
	CreateObject(1720, 1446.38000, -1584.00000, 9042.79980,   0.00000, 0.00000, 90.00000);
	CreateObject(1720, 1446.38000, -1583.00000, 9042.79980,   0.00000, 0.00000, 90.00000);
	CreateObject(1720, 1446.38000, -1582.00000, 9042.79980,   0.00000, 0.00000, 90.00000);
	CreateObject(1720, 1446.38000, -1579.76953, 9042.79980,   0.00000, 0.00000, 90.00000);
	CreateObject(1720, 1446.38000, -1578.76953, 9042.79980,   0.00000, 0.00000, 90.00000);
	CreateObject(1720, 1446.38000, -1577.76953, 9042.79980,   0.00000, 0.00000, 90.00000);
	CreateObject(1720, 1446.38000, -1575.54980, 9042.79980,   0.00000, 0.00000, 90.00000);
	CreateObject(1720, 1446.38000, -1574.54980, 9042.79980,   0.00000, 0.00000, 90.00000);
	CreateObject(1720, 1446.38000, -1573.54980, 9042.79980,   0.00000, 0.00000, 90.00000);
	CreateObject(1720, 1446.38000, -1571.29004, 9042.79980,   0.00000, 0.00000, 90.00000);
	CreateObject(1720, 1446.38000, -1570.29004, 9042.79980,   0.00000, 0.00000, 90.00000);
	CreateObject(1720, 1446.38000, -1569.29004, 9042.79980,   0.00000, 0.00000, 90.00000);
	CreateObject(1720, 1446.38000, -1566.99902, 9042.79980,   0.00000, 0.00000, 90.00000);
	CreateObject(1720, 1446.38000, -1565.99902, 9042.79980,   0.00000, 0.00000, 90.00000);
	CreateObject(1720, 1446.38000, -1564.99902, 9042.79980,   0.00000, 0.00000, 90.00000);
	CreateObject(1720, 1446.38000, -1562.68945, 9042.79980,   0.00000, 0.00000, 90.00000);
	CreateObject(1720, 1446.38000, -1558.19824, 9042.79980,   0.00000, 0.00000, 90.00000);
	CreateObject(1720, 1446.38000, -1557.19824, 9042.79980,   0.00000, 0.00000, 90.00000);
	CreateObject(1720, 1446.38000, -1556.19824, 9042.79980,   0.00000, 0.00000, 90.00000);
	CreateObject(1720, 1446.38000, -1553.19824, 9042.79980,   0.00000, 0.00000, 90.00000);
	CreateObject(1720, 1446.38000, -1552.19824, 9042.79980,   0.00000, 0.00000, 90.00000);
	CreateObject(1720, 1446.38000, -1550.19824, 9042.79980,   0.00000, 0.00000, 90.00000);
	CreateObject(1720, 1446.38000, -1549.19824, 9042.79980,   0.00000, 0.00000, 90.00000);
	CreateObject(1720, 1446.38000, -1548.19885, 9042.79980,   0.00000, 0.00000, 90.00000);
	CreateObject(956, 1461.84448, -1570.30005, 9043.00000,   0.00000, 0.00000, 270.00000);
	CreateObject(3944, 1430.09998, -1584.30005, 9042.59961,   0.00000, 0.00000, 90.00000);
	CreateObject(18653, 1435.00000, -1604.19922, 9042.90039,   0.00000, 0.00000, 137.99927);
	CreateObject(1720, 1449.29980, -1594.69922, 9042.79980,   0.00000, 0.00000, 179.99451);
	CreateObject(1720, 1448.09961, -1594.69922, 9042.79980,   0.00000, 0.00000, 179.99451);
	CreateObject(1720, 1443.89941, -1594.89941, 9042.79980,   0.00000, 0.00000, 179.99451);
	CreateObject(1720, 1442.89941, -1594.89941, 9042.79980,   0.00000, 0.00000, 179.99451);
	CreateObject(18654, 1435.00000, -1624.00000, 9042.90039,   0.00000, 0.00000, 225.99976);
	CreateObject(18655, 1454.80005, -1624.00000, 9042.90039,   0.00000, 0.00000, 316.00000);
	CreateObject(18654, 1454.79980, -1604.19922, 9042.90039,   0.00000, 0.00000, 43.98926);
	CreateObject(18707, 1427.19995, -1574.19995, 9046.00000,   0.00000, 0.00000, 0.00000);
	CreateObject(18707, 1426.80005, -1571.69995, 9046.00000,   0.00000, 0.00000, 0.00000);
	CreateObject(18707, 1426.79980, -1573.39941, 9046.00000,   0.00000, 0.00000, 0.00000);
	CreateObject(18728, 1434.90002, -1604.40002, 9040.50000,   0.00000, 0.00000, 0.00000);
	CreateObject(18728, 1454.69995, -1604.19995, 9040.70020,   0.00000, 0.00000, 0.00000);
	CreateObject(18728, 1435.00000, -1624.00000, 9040.29980,   0.00000, 0.00000, 0.00000);
	CreateObject(18728, 1454.80005, -1624.09998, 9040.29980,   0.00000, 0.00000, 0.00000);
	CreateObject(1720, 1446.38000, -1561.68945, 9042.79980,   0.00000, 0.00000, 90.00000);
	CreateObject(1720, 1446.38000, -1560.68945, 9042.79980,   0.00000, 0.00000, 90.00000);
	CreateObject(18883, 1445.00000, -1637.29980, 9045.59961,   0.00000, 0.00000, 1.99951);
	CreateObject(18646, 1445.22021, -1634.79443, 9045.58008,   0.00000, 0.00000, 0.00000);
	CreateObject(18646, 1447.57190, -1634.85364, 9045.61621,   0.00000, 0.00000, 0.00000);
	CreateObject(1788, 1446.97021, -1634.87024, 9045.56934,   0.00000, 0.00000, 0.00000);
	CreateObject(1788, 1446.96948, -1634.86951, 9045.70020,   0.00000, 0.00000, 0.00000);
	CreateObject(1787, 1445.68457, -1634.80652, 9045.55957,   0.00000, 0.00000, 0.00000);
	CreateObject(19054, 1444.37048, -1635.07361, 9045.40039,   0.00000, 0.00000, 0.00000);
	CreateObject(19056, 1448.40723, -1634.97925, 9045.40039,   0.00000, 0.00000, 0.00000);
	CreateObject(19066, 1447.05347, -1634.91101, 9045.79980,   0.00000, 26.74622, 41.98975);
	CreateObject(18102, 1449.19995, -1611.40002, 9050.00000,   0.00000, 0.00000, 0.00000);
	CreateObject(18102, 1449.30005, -1621.19995, 9049.79980,   0.00000, 0.00000, 0.00000);
	CreateObject(1664, 1443.30005, -1591.39844, 9043.79980,   0.00000, 0.00000, 0.00000);
	CreateObject(1664, 1443.29980, -1587.18945, 9043.79980,   0.00000, 0.00000, 0.00000);
	CreateObject(1664, 1443.29956, -1582.98047, 9043.79980,   0.00000, 0.00000, 0.00000);
	CreateObject(1664, 1443.29932, -1578.77148, 9043.79980,   0.00000, 0.00000, 0.00000);
	CreateObject(1664, 1443.29907, -1574.56250, 9043.79980,   0.00000, 0.00000, 0.00000);
	CreateObject(1664, 1443.29883, -1570.35352, 9043.79980,   0.00000, 0.00000, 0.00000);
	CreateObject(1664, 1443.29858, -1566.14453, 9043.79980,   0.00000, 0.00000, 0.00000);
	CreateObject(1664, 1443.29834, -1561.93555, 9043.79980,   0.00000, 0.00000, 0.00000);
	CreateObject(1664, 1443.29810, -1557.72656, 9043.79980,   0.00000, 0.00000, 0.00000);
	CreateObject(1664, 1443.29785, -1553.51758, 9043.79980,   0.00000, 0.00000, 0.00000);
	CreateObject(1664, 1443.29761, -1549.30859, 9043.79980,   0.00000, 0.00000, 0.00000);
	CreateObject(1664, 1448.59998, -1591.39941, 9043.79980,   0.00000, 0.00000, 0.00000);
	CreateObject(1664, 1448.59998, -1587.19922, 9043.79980,   0.00000, 0.00000, 0.00000);
	CreateObject(1664, 1448.59998, -1582.99902, 9043.79980,   0.00000, 0.00000, 0.00000);
	CreateObject(1664, 1448.59998, -1578.79883, 9043.79980,   0.00000, 0.00000, 0.00000);
	CreateObject(1664, 1448.59998, -1574.59863, 9043.79980,   0.00000, 0.00000, 0.00000);
	CreateObject(1664, 1448.59998, -1570.39844, 9043.79980,   0.00000, 0.00000, 0.00000);
	CreateObject(1664, 1448.59998, -1566.19824, 9043.79980,   0.00000, 0.00000, 0.00000);
	CreateObject(1664, 1448.59998, -1561.99805, 9043.79980,   0.00000, 0.00000, 0.00000);
	CreateObject(1664, 1448.59998, -1557.79785, 9043.79980,   0.00000, 0.00000, 0.00000);
	CreateObject(1664, 1448.59998, -1553.59766, 9043.79980,   0.00000, 0.00000, 0.00000);
	CreateObject(1664, 1448.59998, -1549.39746, 9043.79980,   0.00000, 0.00000, 0.00000);
	CreateObject(1667, 1449.19922, -1592.39941, 9043.70020,   0.00000, 0.00000, 0.00000);
	CreateObject(1667, 1449.19995, -1591.39941, 9043.70020,   0.00000, 0.00000, 0.00000);
	CreateObject(1667, 1449.19897, -1590.39941, 9043.70020,   0.00000, 0.00000, 0.00000);
	CreateObject(1667, 1449.19995, -1588.19922, 9043.70020,   0.00000, 0.00000, 0.00000);
	CreateObject(1667, 1449.19995, -1587.19922, 9043.70020,   0.00000, 0.00000, 0.00000);
	CreateObject(1667, 1449.19995, -1586.19922, 9043.70020,   0.00000, 0.00000, 0.00000);
	CreateObject(1667, 1449.19995, -1583.99902, 9043.70020,   0.00000, 0.00000, 0.00000);
	CreateObject(1667, 1449.19995, -1579.79883, 9043.70020,   0.00000, 0.00000, 0.00000);
	CreateObject(1667, 1449.19995, -1575.59863, 9043.70020,   0.00000, 0.00000, 0.00000);
	CreateObject(1667, 1449.19995, -1571.39844, 9043.70020,   0.00000, 0.00000, 0.00000);
	CreateObject(1667, 1449.19995, -1567.19824, 9043.70020,   0.00000, 0.00000, 0.00000);
	CreateObject(1667, 1449.19995, -1562.99805, 9043.70020,   0.00000, 0.00000, 0.00000);
	CreateObject(1667, 1449.19995, -1558.79785, 9043.70020,   0.00000, 0.00000, 0.00000);
	CreateObject(1667, 1449.19995, -1550.39746, 9043.70020,   0.00000, 0.00000, 0.00000);
	CreateObject(1667, 1449.19995, -1582.99902, 9043.70020,   0.00000, 0.00000, 0.00000);
	CreateObject(1667, 1449.19995, -1578.79883, 9043.70020,   0.00000, 0.00000, 0.00000);
	CreateObject(1667, 1449.19995, -1574.59863, 9043.70020,   0.00000, 0.00000, 0.00000);
	CreateObject(1667, 1449.19995, -1570.39844, 9043.70020,   0.00000, 0.00000, 0.00000);
	CreateObject(1667, 1449.19995, -1566.19824, 9043.70020,   0.00000, 0.00000, 0.00000);
	CreateObject(1667, 1449.19995, -1561.99805, 9043.70020,   0.00000, 0.00000, 0.00000);
	CreateObject(1667, 1449.19995, -1557.79785, 9043.70020,   0.00000, 0.00000, 0.00000);
	CreateObject(1667, 1449.19995, -1553.59766, 9043.70020,   0.00000, 0.00000, 0.00000);
	CreateObject(1667, 1449.19995, -1549.39746, 9043.70020,   0.00000, 0.00000, 0.00000);
	CreateObject(1667, 1449.20093, -1581.99902, 9043.70020,   0.00000, 0.00000, 0.00000);
	CreateObject(1667, 1449.20190, -1577.79883, 9043.70020,   0.00000, 0.00000, 0.00000);
	CreateObject(1667, 1449.20288, -1573.59863, 9043.70020,   0.00000, 0.00000, 0.00000);
	CreateObject(1667, 1449.20386, -1569.39844, 9043.70020,   0.00000, 0.00000, 0.00000);
	CreateObject(1667, 1449.20483, -1565.19824, 9043.70020,   0.00000, 0.00000, 0.00000);
	CreateObject(1667, 1449.20581, -1560.99805, 9043.70020,   0.00000, 0.00000, 0.00000);
	CreateObject(1667, 1449.20679, -1556.79785, 9043.70020,   0.00000, 0.00000, 0.00000);
	CreateObject(1667, 1449.20776, -1552.59766, 9043.70020,   0.00000, 0.00000, 0.00000);
	CreateObject(1667, 1449.20874, -1548.39746, 9043.70020,   0.00000, 0.00000, 0.00000);
	CreateObject(1667, 1447.59998, -1592.39941, 9043.70020,   0.00000, 0.00000, 0.00000);
	CreateObject(1667, 1447.59998, -1591.39941, 9043.70020,   0.00000, 0.00000, 0.00000);
	CreateObject(1667, 1447.59998, -1590.39941, 9043.70020,   0.00000, 0.00000, 0.00000);
	CreateObject(1667, 1447.59998, -1588.19922, 9043.70020,   0.00000, 0.00000, 0.00000);
	CreateObject(1667, 1447.59998, -1587.19922, 9043.70020,   0.00000, 0.00000, 0.00000);
	CreateObject(1667, 1447.59998, -1586.19922, 9043.70020,   0.00000, 0.00000, 0.00000);
	CreateObject(1667, 1447.59998, -1583.99902, 9043.70020,   0.00000, 0.00000, 0.00000);
	CreateObject(1667, 1447.59998, -1579.79883, 9043.70020,   0.00000, 0.00000, 0.00000);
	CreateObject(1667, 1447.59998, -1575.59863, 9043.70020,   0.00000, 0.00000, 0.00000);
	CreateObject(1667, 1447.59998, -1571.39844, 9043.70020,   0.00000, 0.00000, 0.00000);
	CreateObject(1667, 1447.59998, -1567.19824, 9043.70020,   0.00000, 0.00000, 0.00000);
	CreateObject(1667, 1447.59998, -1562.99805, 9043.70020,   0.00000, 0.00000, 0.00000);
	CreateObject(1667, 1447.59998, -1558.79785, 9043.70020,   0.00000, 0.00000, 0.00000);
	CreateObject(1667, 1447.59998, -1550.39746, 9043.70020,   0.00000, 0.00000, 0.00000);
	CreateObject(1667, 1447.59998, -1582.99902, 9043.70020,   0.00000, 0.00000, 0.00000);
	CreateObject(1667, 1447.59998, -1578.79883, 9043.70020,   0.00000, 0.00000, 0.00000);
	CreateObject(1667, 1447.59998, -1574.59863, 9043.70020,   0.00000, 0.00000, 0.00000);
	CreateObject(1667, 1447.59998, -1570.39844, 9043.70020,   0.00000, 0.00000, 0.00000);
	CreateObject(1667, 1447.59998, -1566.19824, 9043.70020,   0.00000, 0.00000, 0.00000);
	CreateObject(1667, 1447.59998, -1561.99805, 9043.70020,   0.00000, 0.00000, 0.00000);
	CreateObject(1667, 1447.59998, -1557.79785, 9043.70020,   0.00000, 0.00000, 0.00000);
	CreateObject(1667, 1447.59998, -1553.59766, 9043.70020,   0.00000, 0.00000, 0.00000);
	CreateObject(1667, 1447.59998, -1549.39746, 9043.70020,   0.00000, 0.00000, 0.00000);
	CreateObject(1667, 1447.59998, -1581.99902, 9043.70020,   0.00000, 0.00000, 0.00000);
	CreateObject(1667, 1447.59998, -1577.79883, 9043.70020,   0.00000, 0.00000, 0.00000);
	CreateObject(1667, 1447.59998, -1573.59863, 9043.70020,   0.00000, 0.00000, 0.00000);
	CreateObject(1667, 1447.59998, -1569.39844, 9043.70020,   0.00000, 0.00000, 0.00000);
	CreateObject(1667, 1447.59998, -1565.19824, 9043.70020,   0.00000, 0.00000, 0.00000);
	CreateObject(1667, 1447.59998, -1560.99805, 9043.70020,   0.00000, 0.00000, 0.00000);
	CreateObject(1667, 1447.59998, -1556.79785, 9043.70020,   0.00000, 0.00000, 0.00000);
	CreateObject(1667, 1447.59998, -1552.59766, 9043.70020,   0.00000, 0.00000, 0.00000);
	CreateObject(1667, 1447.59998, -1548.39746, 9043.70020,   0.00000, 0.00000, 0.00000);
	CreateObject(16151, 1461.19922, -1543.89941, 9043.29980,   0.00000, 0.00000, 0.00000);
	CreateObject(2354, 1442.40002, -1548.19995, 9043.70020,   334.19647, 24.58826, 347.26483);
	CreateObject(2354, 1442.40002, -1550.40002, 9043.70020,   334.19312, 24.58740, 347.26135);
	CreateObject(2354, 1442.69995, -1552.50000, 9043.70020,   334.19312, 24.58740, 347.26135);
	CreateObject(2354, 1442.80005, -1557.30005, 9043.70020,   334.19312, 24.58740, 347.26135);
	CreateObject(2354, 1442.80005, -1559.00000, 9043.70020,   334.19312, 24.58740, 347.26135);
	CreateObject(2354, 1442.80005, -1561.00000, 9043.70020,   334.19312, 24.58740, 347.26135);
	CreateObject(2354, 1442.80005, -1563.00000, 9043.70020,   334.19312, 24.58740, 347.26135);
	CreateObject(2354, 1442.80005, -1565.30005, 9043.70020,   334.19312, 24.58740, 347.26135);
	CreateObject(2354, 1442.80005, -1567.50000, 9043.70020,   334.19312, 24.58740, 347.26135);
	CreateObject(2354, 1442.80005, -1569.80005, 9043.70020,   334.19312, 24.58740, 347.26135);
	CreateObject(2354, 1442.80005, -1571.80005, 9043.70020,   334.19312, 24.58740, 347.26135);
	CreateObject(2354, 1442.80005, -1574.00000, 9043.70020,   334.19312, 24.58740, 347.26135);
	CreateObject(2354, 1442.80005, -1576.00000, 9043.70020,   334.19312, 24.58740, 347.26135);
	CreateObject(2354, 1442.80005, -1578.00000, 9043.70020,   334.19312, 24.58740, 347.26135);
	CreateObject(2354, 1442.80005, -1579.80005, 9043.70020,   334.19312, 24.58740, 347.26135);
	CreateObject(2354, 1442.80005, -1582.30005, 9043.70020,   334.19312, 24.58740, 347.26135);
	CreateObject(2354, 1442.80005, -1584.30005, 9043.70020,   334.19312, 24.58740, 347.26135);
	CreateObject(2354, 1442.80005, -1586.50000, 9043.70020,   334.19312, 24.58740, 347.26135);
	CreateObject(2354, 1442.80005, -1588.80005, 9043.70020,   334.19312, 24.58740, 347.26135);
	CreateObject(2354, 1442.80005, -1591.30005, 9043.70020,   334.19312, 24.58740, 347.26135);
	CreateObject(2354, 1442.80005, -1593.00000, 9043.70020,   334.19312, 24.58740, 347.26135);
	CreateObject(2354, 1444.00000, -1593.00000, 9043.70020,   334.19312, 24.58740, 339.26135);
	CreateObject(2354, 1444.00000, -1591.50000, 9043.70020,   334.19312, 24.58191, 339.25781);
	CreateObject(2354, 1444.09998, -1588.50000, 9043.70020,   334.19312, 24.58191, 339.25781);
	CreateObject(2354, 1443.90002, -1586.69995, 9043.70020,   334.19312, 24.58191, 339.25781);
	CreateObject(2354, 1444.09998, -1584.50000, 9043.70020,   334.19312, 24.58191, 339.25781);
	CreateObject(2354, 1444.00000, -1582.19995, 9043.70020,   334.19312, 24.58191, 339.25781);
	CreateObject(2354, 1443.90002, -1579.80005, 9043.70020,   334.19312, 24.58191, 339.25781);
	CreateObject(2354, 1443.90002, -1578.00000, 9043.70020,   334.19312, 24.58191, 339.25781);
	CreateObject(2354, 1444.09998, -1576.19995, 9043.70020,   334.19312, 24.58191, 339.25781);
	CreateObject(2354, 1444.09998, -1574.09998, 9043.70020,   334.19312, 24.58191, 339.25781);
	CreateObject(2354, 1443.90002, -1572.00000, 9043.70020,   334.19312, 24.58191, 339.25781);
	CreateObject(2354, 1443.90002, -1569.90002, 9043.70020,   334.19312, 24.58191, 339.25781);
	CreateObject(2354, 1443.90002, -1567.09998, 9043.70020,   334.19312, 24.58191, 339.25781);
	CreateObject(2354, 1443.69995, -1565.50000, 9043.70020,   334.19312, 24.58191, 339.25781);
	CreateObject(2354, 1444.00000, -1562.80005, 9043.70020,   334.19312, 24.58191, 339.25781);
	CreateObject(2354, 1443.80005, -1561.00000, 9043.70020,   334.19312, 24.58191, 339.25781);
	CreateObject(2354, 1443.90002, -1559.19995, 9043.70020,   334.19312, 24.58191, 339.25781);
	CreateObject(2354, 1443.80005, -1557.09998, 9043.70020,   334.19312, 24.58191, 339.25781);
	CreateObject(2354, 1444.09998, -1552.59998, 9043.70020,   334.19312, 24.58191, 339.25781);
	CreateObject(2354, 1444.00000, -1550.30005, 9043.70020,   334.19312, 24.58191, 339.25781);
	CreateObject(2354, 1444.09998, -1548.09998, 9043.70020,   334.19312, 24.58740, 339.26135);
	CreateObject(2425, 1460.09998, -1543.40002, 9043.90039,   0.00000, 0.00000, 92.00000);
	CreateObject(2420, 1462.27698, -1549.90002, 9042.79980,   0.00000, 0.00000, 272.00000);
	CreateObject(2453, 1460.19995, -1544.30005, 9044.29980,   0.00000, 0.00000, 0.00000);
	CreateObject(2814, 1460.30005, -1545.00000, 9043.90039,   0.00000, 0.00000, 0.00000);
	CreateObject(19065, 1448.69995, -1549.80005, 9043.70020,   0.00000, 0.00000, 0.00000);
	CreateObject(19065, 1448.59998, -1558.80005, 9043.70020,   0.00000, 0.00000, 0.00000);
	CreateObject(19065, 1448.50000, -1563.00000, 9043.70020,   0.00000, 0.00000, 0.00000);
	CreateObject(19065, 1448.69922, -1567.00000, 9043.70020,   0.00000, 0.00000, 0.00000);
	CreateObject(19065, 1448.40002, -1571.30005, 9043.70020,   0.00000, 0.00000, 0.00000);
	CreateObject(19065, 1448.59998, -1575.30005, 9043.70020,   0.00000, 0.00000, 0.00000);
	CreateObject(19065, 1448.50000, -1579.80005, 9043.70020,   0.00000, 0.00000, 0.00000);
	CreateObject(19065, 1448.30005, -1584.09998, 9043.70020,   0.00000, 0.00000, 0.00000);
	CreateObject(19065, 1448.40002, -1587.90002, 9043.70020,   0.00000, 0.00000, 0.00000);
	CreateObject(19065, 1448.50000, -1592.19995, 9043.70020,   0.00000, 0.00000, 0.00000);
	CreateObject(19076, 1430.29272, -1568.90100, 9037.20020,   0.00000, 0.00000, 128.00000);
	CreateObject(19076, 1429.99622, -1577.28955, 9037.20020,   0.00000, 0.00000, 167.99744);
	CreateObject(19056, 1430.19995, -1599.40002, 9043.50000,   0.00000, 0.00000, 0.00000);
	CreateObject(19057, 1430.19995, -1598.09998, 9043.50000,   0.00000, 0.00000, 0.00000);
	CreateObject(19055, 1430.00000, -1598.80005, 9044.59961,   0.00000, 0.00000, 0.00000);
	CreateObject(19054, 1461.90002, -1590.80005, 9043.50000,   0.00000, 0.00000, 0.00000);
	CreateObject(19058, 1461.69995, -1589.30005, 9043.50000,   0.00000, 0.00000, 0.00000);
	CreateObject(1209, 1461.72998, -1571.50000, 9042.79980,   0.00000, 0.00000, 270.00000);
	CreateObject(955, 1461.72998, -1569.05554, 9043.09961,   0.00000, 0.00000, 270.00000);
	CreateObject(1977, 1461.80005, -1568.00000, 9042.79980,   0.00000, 0.00000, 270.00000);
	CreateObject(2690, 1429.40002, -1593.80005, 9045.79980,   0.00000, 0.00000, 0.00000);
	CreateObject(1707, 1461.59998, -1532.00000, 9042.79980,   0.00000, 0.00000, 270.00000);
	CreateObject(1707, 1461.55505, -1529.50000, 9042.79980,   0.00000, 0.00000, 270.00000);
	CreateObject(2785, 1429.90002, -1538.30005, 9043.70020,   0.00000, 0.00000, 90.00000);
	CreateObject(3533, 1462.00000, -1528.09998, 9045.79980,   0.00000, 0.00000, 0.00000);
	CreateObject(3533, 1462.09998, -1535.09998, 9045.79980,   0.00000, 0.00000, 0.00000);
	CreateObject(7264, 1431.00000, -1685.80005, 9041.59961,   0.00000, 0.00000, 0.00000);
	CreateObject(1371, 1461.30005, -1588.00000, 9043.59961,   0.00000, 0.00000, 270.00000);
	CreateObject(1371, 1461.50000, -1592.00000, 9043.59961,   0.00000, 0.00000, 270.00000);
	CreateObject(991, 1432.69995, -1520.69995, 9043.00000,   0.00000, 0.00000, 0.00000);
	CreateObject(991, 1439.19995, -1520.69995, 9043.00000,   0.00000, 0.00000, 0.00000);
	CreateObject(991, 1442.50000, -1517.40002, 9043.00000,   0.00000, 0.00000, 90.00000);
	CreateObject(991, 1442.50000, -1510.72998, 9043.00000,   0.00000, 0.00000, 90.00000);
	CreateObject(991, 1442.50000, -1507.80005, 9043.00000,   0.00000, 0.00000, 90.00000);
	CreateObject(3858, 1435.09998, -1520.59998, 9046.79980,   0.00000, 0.00000, 43.99475);
	CreateObject(3858, 1442.40002, -1513.40002, 9046.79980,   0.00000, 0.00000, 315.23926);
	CreateObject(1824, 1448.50000, -1534.30005, 9043.29980,   0.00000, 0.00000, 0.00000);
	CreateObject(1723, 1461.59998, -1600.40002, 9042.79980,   0.00000, 0.00000, 270.00000);
	CreateObject(2179, 1432.69995, -1626.00000, 9044.50000,   0.00000, 0.00000, 0.00000);
	CreateObject(2179, 1432.69995, -1626.00000, 9048.29980,   0.00000, 0.00000, 0.00000);
	CreateObject(2179, 1434.90002, -1626.09998, 9044.50000,   0.00000, 0.00000, 0.00000);
	CreateObject(2179, 1434.89941, -1626.09961, 9048.29980,   0.00000, 0.00000, 0.00000);
	CreateObject(3515, 1455.30005, -1523.09998, 9043.09961,   0.00000, 0.00000, 0.00000);
	CreateObject(896, 1453.40002, -1524.69995, 9036.29980,   354.05859, 8.04349, 0.83804);
	CreateObject(896, 1457.30005, -1525.19995, 9036.29980,   354.05640, 8.04199, 84.83496);
	CreateObject(896, 1458.59998, -1521.50000, 9036.29980,   354.05090, 8.04199, 158.83093);
	CreateObject(896, 1454.29980, -1520.00000, 9036.29980,   354.03992, 8.04199, 260.82642);
	CreateObject(3494, 1462.30005, -1596.80005, 9046.00000,   0.00000, 0.00000, 0.00000);
	CreateObject(3494, 1429.59998, -1595.00000, 9046.00000,   0.00000, 0.00000, 0.00000);
	CreateObject(2681, 1461.80005, -1558.09998, 9042.79980,   0.00000, 0.00000, 268.00000);
	CreateObject(2681, 1461.80005, -1558.89001, 9042.79980,   0.00000, 0.00000, 267.99500);
	CreateObject(2188, 1462.30518, -1561.45142, 9043.59961,   0.00000, 0.00000, 268.00000);
	CreateObject(1978, 1442.59998, -1533.09998, 9043.90039,   0.00000, 0.00000, 0.00000);
	CreateObject(2530, 1461.80005, -1580.80005, 9042.79980,   0.00000, 0.00000, 270.00000);
	CreateObject(2416, 1462.00000, -1581.80005, 9042.79980,   0.00000, 0.00000, 268.00000);
	CreateObject(2163, 1462.19995, -1553.69995, 9042.79980,   0.00000, 0.00000, 270.00000);
	CreateObject(2163, 1462.41736, -1556.38135, 9042.80762,   0.00000, 0.00000, 270.00000);
	CreateObject(991, 1442.50000, -1505.69995, 9043.00000,   0.00000, 270.00000, 89.25000);
	CreateObject(1720, 1445.47998, -1586.19922, 9042.79980,   0.00000, 0.00000, 270.00000);
	CreateObject(3944, 1430.09766, -1573.23132, 9041.26367,   0.00000, 0.00000, 90.00000);
	CreateObject(14407, 1429.97278, -1573.39526, 9041.52539,   0.00000, 0.00000, -87.83999);
	CreateObject(1557, 1429.17676, -1571.99646, 9043.79785,   0.00000, 0.00000, -89.88000);
	CreateObject(1557, 1429.19031, -1574.97205, 9043.79883,   0.00000, 0.00000, 90.36000);
	CreateObject(14407, 1433.44812, -1638.34985, 9041.59277,   0.00000, 0.00000, 90.66000);
	CreateObject(11691, 1446.37878, -1634.90674, 9044.71973,   0.00000, 0.00000, 0.00000);
	CreateObject(19327, 1429.26550, -1581.49902, 9044.79297,   0.00000, 0.00000, 90.00000);//Obiekt "Edycja sali"
	
	new buil=	CreateObject(19327, 1429.26550, -1581.49902, 9044.79297,   0.00000, 0.00000, 90.00000);//Obiekt Edycja sali
	SetObjectMaterialText(buil, "Poprawki projektu sali\nLuis Cotta", 0, OBJECT_MATERIAL_SIZE_256x128,//Napis na obiekcie
	"Arial Black", 28, 0,  0xFF000000, 0xFFFFFFFF, OBJECT_MATERIAL_TEXT_ALIGN_CENTER);


	return 1;
}

