#include <a_samp>

public OnFilterScriptInit()
{

//__________________________PODŁOGI_____________________________________

	CreateObject(19375, 1212.02637, -1437.56799, 44.39659,   0.00000, 90.00000, 0.00000);
	CreateObject(19375, 1222.29004, -1437.57849, 44.39660,   0.00000, 90.00000, 0.00000);
	CreateObject(14407, 1218.21130, -1446.26868, 45.24990,   0.00000, 0.00000, 0.00000);
	CreateObject(14407, 1218.21130, -1428.87720, 45.25440,   0.00000, 0.00000, -180.00000);
	CreateObject(19375, 1221.42590, -1421.75183, 48.35220,   0.00000, 90.00000, 0.00000);
	CreateObject(19375, 1221.40027, -1453.76111, 48.35220,   0.00000, 90.00000, 0.00000);
	CreateObject(19375, 1231.85291, -1453.75818, 48.35220,   0.00000, 90.00000, 0.00000);
	CreateObject(19375, 1242.32056, -1453.75745, 48.35220,   0.00000, 90.00000, 0.00000);
	CreateObject(19375, 1231.90405, -1421.75415, 48.35220,   0.00000, 90.00000, 0.00000);
	CreateObject(19375, 1242.31445, -1444.19543, 48.35220,   0.00000, 90.00000, 0.00000);
	CreateObject(19375, 1242.30994, -1434.61694, 48.35220,   0.00000, 90.00000, 0.00000);
	CreateObject(19375, 1242.30872, -1425.05115, 48.35220,   0.00000, 90.00000, 0.00000);
	CreateObject(19375, 1242.31323, -1415.43970, 48.35650,   0.00000, 90.00000, 0.00000);
	CreateObject(19375, 1252.66626, -1453.75928, 48.35220,   0.00000, 90.00000, 0.00000);
	CreateObject(19375, 1252.66931, -1444.17175, 48.35220,   0.00000, 90.00000, 0.00000);
	CreateObject(19375, 1252.66516, -1434.55286, 48.35220,   0.00000, 90.00000, 0.00000);
	CreateObject(19375, 1252.66931, -1424.94775, 48.35220,   0.00000, 90.00000, 0.00000);
	CreateObject(19375, 1252.66077, -1415.43591, 48.33220,   0.00000, 89.76000, 0.00000);
	CreateObject(19375, 1226.83936, -1463.28406, 48.35220,   0.00000, 90.00000, 0.00000);
	CreateObject(19375, 1226.84070, -1472.51575, 48.35220,   0.00000, 90.00000, 0.00000);
	CreateObject(19375, 1211.22058, -1453.76355, 48.35220,   0.00000, 90.00000, 0.00000);
	CreateObject(19375, 1211.21765, -1463.30103, 48.35220,   0.00000, 90.00000, 0.00000);
	CreateObject(19375, 1200.81543, -1453.76794, 48.35220,   0.00000, 90.00000, 0.00000);
	CreateObject(19375, 1200.81543, -1463.30396, 48.35220,   0.00000, 90.00000, 0.00000);

//_________________________Ściany_HOL______________________________________


	CreateObject(19454, 1207.51892, -1437.54297, 45.84220,   0.00000, 0.00000, 0.00000);//1
	CreateObject(19454, 1211.41699, -1432.76453, 45.84100,   0.00000, 0.00000, 90.00000);//2
	CreateObject(19454, 1211.47144, -1442.41418, 45.83190,   0.00000, 0.00000, 90.00000);//3
	CreateObject(19454, 1216.14941, -1427.79089, 46.94190,   10.00000, 0.00000, 0.00000);//4
	CreateObject(19454, 1219.98950, -1427.91626, 46.94190,   10.00000, 0.00000, 0.00000);//5
	CreateObject(19454, 1224.72058, -1432.87292, 45.84100,   0.00000, 0.00000, 90.00000);//6
	CreateObject(19454, 1224.95544, -1442.42920, 45.84100,   0.00000, 0.00000, 90.00000);//7
	CreateObject(19454, 1220.26343, -1447.39001, 46.94190,   -10.00000, 0.00000, 0.00000);//8
	CreateObject(19454, 1216.21985, -1447.35486, 46.94190,   -10.00000, 0.00000, 0.00000);//9
	CreateObject(19454, 1227.27771, -1437.65845, 45.84100,   0.00000, 0.00000, 0.00000);//10
	CreateObject(19454, 1220.22217, -1447.16296, 45.84100,   0.00000, 0.00000, 0.00000);//11
	CreateObject(19454, 1216.22510, -1447.14978, 45.84100,   0.00000, 0.00000, 0.00000);//12
	CreateObject(19454, 1219.98291, -1428.14343, 45.84100,   0.00000, 0.00000, 0.00000);//13
	CreateObject(19454, 1216.15002, -1428.00952, 45.84100,   0.00000, 0.00000, 0.00000);//14
	CreateObject(19454, 1219.98206, -1428.13086, 49.34470,   0.00000, 0.00000, 0.00000);//15
	CreateObject(19454, 1216.14746, -1428.01624, 49.34470,   0.00000, 0.00000, 0.00000);//16
	CreateObject(19454, 1220.25952, -1447.17114, 49.34470,   0.00000, 0.00000, 0.00000);//17
	CreateObject(19454, 1216.21985, -1447.16223, 49.34470,   0.00000, 0.00000, 0.00000);//18
	CreateObject(19454, 1224.71765, -1423.37476, 50.05353,   0.00000, 0.00000, 90.00000);//19
	CreateObject(19454, 1232.33765, -1423.37195, 50.05510,   0.00000, 0.00000, 90.00000);//20
	CreateObject(19454, 1216.14941, -1418.90845, 50.05350,   0.00000, 0.00000, 0.00000);//21
	CreateObject(19454, 1219.37366, -1417.02136, 50.05350,   0.00000, 0.00000, 90.00000);//22
	CreateObject(19454, 1232.34045, -1417.11023, 50.05350,   0.00000, 0.00000, 90.00000);//23
	CreateObject(19454, 1216.21997, -1456.66016, 50.05350,   0.00000, 0.00000, 0.00000);//24
	CreateObject(19454, 1224.90186, -1450.83105, 50.05350,   0.00000, 0.00000, -76.86000);//25
	CreateObject(19454, 1219.63635, -1458.50708, 50.05350,   0.00000, 0.00000, 90.00000);//26
	CreateObject(19454, 1232.28735, -1449.73804, 50.05350,   0.00000, 0.00000, 90.00000);//27
	CreateObject(19454, 1232.28735, -1458.49182, 50.05350,   0.00000, 0.00000, 90.00000);//28
	CreateObject(19454, 1216.13757, -1423.92834, 51.09290,   0.00000, 0.00000, 0.00000);//29
	CreateObject(19454, 1219.99072, -1428.18372, 52.74130,   0.00000, 0.00000, 0.00000);//30
	CreateObject(19454, 1216.21863, -1450.34595, 52.65140,   0.00000, 0.00000, 0.00000);//31
	CreateObject(19454, 1220.26685, -1447.17065, 52.58330,   0.00000, 0.00000, 0.00000);//32
	CreateObject(19391, 1237.00659, -1456.87769, 50.05350,   0.00000, 0.00000, 0.00000);//wejscie do sali
	CreateObject(19391, 1237.00659, -1453.85876, 50.05350,   0.00000, 0.00000, 0.00000);//wejscie do sali2
	CreateObject(19391, 1237.00659, -1450.87854, 50.05350,   0.00000, 0.00000, 0.00000);//wejscie do sali3
	CreateObject(19391, 1225.89709, -1458.50159, 50.05350,   0.00000, 0.00000, 90.00000);//wejscie do sdali4
	CreateObject(19391, 1237.06116, -1421.77295, 50.05350,   0.00000, 0.00000, 0.00000);//wejscie do sali5
	CreateObject(19391, 1237.06116, -1418.67749, 50.05350,   0.00000, 0.00000, 0.00000);//wejscie do sali6
    CreateObject(19454, 1225.69604, -1437.60754, 45.84100,   0.00000, 0.00000, 0.00000);//poprawka22222


//________________________Dach_Hol_________________________________________


	CreateObject(19376, 1210.84607, -1437.55737, 47.59940,   0.00000, 90.00000, 0.00000);
	CreateObject(19376, 1221.08484, -1437.58606, 47.59940,   0.00000, 90.00000, 0.00000);
	CreateObject(19376, 1219.34790, -1455.56628, 51.74277,   0.00000, 90.00000, 0.00000);
	CreateObject(19376, 1219.57520, -1446.15845, 50.22580,   0.00000, -70.00000, 90.00000);
	CreateObject(19376, 1217.50647, -1442.32056, 52.75540,   0.00000, 0.00000, 90.00000);
	CreateObject(19376, 1217.69226, -1432.84961, 52.76390,   0.00000, 0.00000, 90.00000);
	CreateObject(19376, 1217.71191, -1431.28223, 50.22580,   0.00000, 70.00000, 90.00000);
	CreateObject(19376, 1221.31519, -1421.74207, 51.79660,   0.00000, 90.00000, 0.00000);
	CreateObject(19376, 1231.76245, -1421.74207, 51.79660,   0.00000, 90.00000, 0.00000);
	CreateObject(19376, 1231.83875, -1454.12170, 51.73280,   0.00000, 90.00000, 0.00000);
	CreateObject(19376, 1229.72156, -1455.56909, 51.73280,   0.00000, 90.00000, 0.00000);
	
	
//______________________Dodatki_HOL___________________________________________

	CreateObject(19454, 1216.13757, -1423.92834, 51.09290,   0.00000, 0.00000, 0.00000);
	CreateObject(19454, 1219.99072, -1428.18372, 52.74130,   0.00000, 0.00000, 0.00000);
	CreateObject(19454, 1216.21863, -1450.34595, 52.65140,   0.00000, 0.00000, 0.00000);
	CreateObject(19454, 1220.26685, -1447.17065, 52.58330,   0.00000, 0.00000, 0.00000);
	CreateObject(1557, 1207.54126, -1439.06982, 44.46290,   0.00000, 0.00000, 90.00000);
	CreateObject(1557, 1207.54089, -1436.05908, 44.46290,   0.00000, 0.00000, -90.00000);
	CreateObject(2773, 1208.85156, -1435.97205, 44.97960,   0.00000, 0.00000, 90.00000);
	CreateObject(2773, 1209.78381, -1434.99805, 44.97960,   0.00000, 0.00000, 0.00000);
	CreateObject(2773, 1209.79211, -1433.07666, 44.97960,   0.00000, 0.00000, 0.00000);
	CreateObject(2773, 1208.78418, -1439.21057, 44.97960,   0.00000, 0.00000, 90.00000);
	CreateObject(2773, 1209.71545, -1440.15942, 44.97960,   0.00000, 0.00000, 0.00000);
	CreateObject(2773, 1209.70972, -1442.07861, 44.97960,   0.00000, 0.00000, 0.00000);
	CreateObject(2773, 1235.70203, -1455.32764, 48.94273,   0.00000, 0.00000, 90.00000);
	CreateObject(2773, 1235.68933, -1452.30896, 48.94270,   0.00000, 0.00000, 90.00000);
	CreateObject(19339, 1221.97009, -1433.99512, 44.83385,   0.00000, 0.00000, 90.00000);
	CreateObject(19339, 1221.96545, -1435.94592, 44.83390,   0.00000, 0.00000, 90.00000);
	CreateObject(19339, 1221.96545, -1438.00891, 44.83390,   0.00000, 0.00000, 90.00000);
	CreateObject(19339, 1221.97156, -1439.86206, 44.83390,   0.00000, 0.00000, 90.00000);
	CreateObject(1775, 1214.23706, -1442.26318, 45.47797,   0.00000, 0.00000, -180.54013);
	CreateObject(1671, 1223.33813, -1433.80347, 44.88721,   0.00000, 0.00000, -89.70003);
	CreateObject(1671, 1223.37036, -1435.61292, 44.88720,   0.00000, 0.00000, -89.70000);
	CreateObject(1671, 1223.35425, -1437.52356, 44.88720,   0.00000, 0.00000, -89.70000);
	CreateObject(1671, 1223.40344, -1439.41333, 44.88720,   0.00000, 0.00000, -89.70000);
	CreateObject(19893, 1221.98083, -1433.94092, 45.16940,   0.00000, 0.00000, 88.92000);
	CreateObject(19893, 1221.96509, -1435.51709, 45.17210,   0.00000, 0.00000, 88.92000);
	CreateObject(19893, 1221.92798, -1437.49634, 45.16810,   0.00000, 0.00000, 88.92000);
	CreateObject(19893, 1221.88928, -1439.41980, 45.17050,   0.00000, 0.00000, 89.76000);
	CreateObject(18075, 1211.90637, -1439.87122, 47.50885,   0.00000, 0.00000, 0.00000);
	CreateObject(2611, 1211.50464, -1442.28455, 46.01140,   0.00000, 0.00000, -179.99989);
	CreateObject(1704, 1212.49634, -1433.37756, 44.48380,   0.00000, 0.00000, 0.00000);
	CreateObject(1704, 1213.57800, -1433.37915, 44.48470,   0.00000, 0.00000, 0.00000);
	CreateObject(1704, 1214.68738, -1433.37854, 44.48410,   0.00000, 0.00000, 0.00000);
	CreateObject(1704, 1211.41541, -1433.37830, 44.47410,   0.00000, 0.00000, 0.00000);
	CreateObject(3858, 1225.67505, -1417.01294, 49.70914,   0.00000, 0.00000, 44.15999);
	CreateObject(3858, 1221.80359, -1435.92932, 48.54340,   0.00000, 0.00000, -43.38000);
	CreateObject(3858, 1222.14355, -1448.20227, 44.48390,   0.00000, 0.00000, -43.38000);
	CreateObject(1569, 1221.94080, -1442.40649, 44.48019,   0.00000, 0.00000, 90.00000);
	CreateObject(1491, 1237.04590, -1422.50415, 48.29990,   0.00000, 0.00000, 90.00000);
	CreateObject(1491, 1237.05066, -1419.42480, 48.32570,   0.00000, 0.00000, 90.00000);
	CreateObject(1491, 1237.02747, -1454.59387, 48.32940,   0.00000, 0.00000, 90.00000);
	CreateObject(1491, 1237.03223, -1457.61609, 48.32960,   0.00000, 0.00000, 90.00000);
	CreateObject(1491, 1237.05115, -1451.62207, 48.35360,   0.00000, 0.00000, 90.00000);
	CreateObject(2614, 1225.56665, -1437.44031, 46.44280,   0.00000, 0.00000, -90.36000);
	CreateObject(2162, 1225.61987, -1433.61499, 44.48494,   0.00000, 0.00000, -89.93999);
	CreateObject(2611, 1223.90173, -1442.28943, 46.01140,   0.00000, 0.00000, -180.06010);
	CreateObject(2164, 1225.57849, -1439.80811, 44.48439,   0.00000, 0.00000, -88.62006);
	CreateObject(2010, 1216.04956, -1441.89099, 44.48413,   0.00000, 0.00000, 0.00000);
	CreateObject(2010, 1216.08960, -1433.29883, 44.48469,   0.00000, 0.00000, 0.00000);
	CreateObject(2010, 1220.10864, -1433.27527, 44.48466,   0.00000, 0.00000, 0.00000);
	CreateObject(1808, 1217.63037, -1417.27917, 48.43918,   0.00000, 0.00000, 0.00000);
	CreateObject(2164, 1218.96973, -1417.11646, 48.41689,   0.00000, 0.00000, 0.00000);
	CreateObject(2186, 1221.63306, -1417.53271, 48.44017,   0.00000, 0.00000, 0.00000);
	CreateObject(2167, 1222.42981, -1423.59045, 48.37620,   0.00000, 0.00000, -179.87993);
	CreateObject(1886, 1217.15308, -1417.48413, 51.86886,   8.88000, -1.08000, 45.12000);
	CreateObject(1886, 1211.51013, -1441.77295, 47.68637,   15.00000, 1.68000, 150.78000);
	CreateObject(1886, 1210.71167, -1433.40869, 47.59934,   12.66000, -2.58000, 35.58000);
	CreateObject(1886, 1227.90747, -1450.97229, 51.82607,   19.08000, 1.62000, -13.74000);
	CreateObject(2745, 1208.51294, -1433.76196, 45.57827,   0.00000, 0.00000, 35.75999);
	CreateObject(2745, 1208.28772, -1441.34509, 45.64560,   0.00000, 0.00000, 155.58003);
	CreateObject(19329, 1216.30908, -1454.90576, 50.77248,   0.00000, 0.00000, 90.30000);//ufundowane
	
//________________________Ściany_oraz_okna_sala_______________________

	CreateObject(19445, 1237.01990, -1444.62451, 50.05350,   0.00000, 0.00000, 0.00000);//a1
	CreateObject(19445, 1237.01208, -1434.99634, 50.05350,   0.00000, 0.00000, 0.00000);//a2
	CreateObject(19445, 1237.01001, -1428.23865, 50.05350,   0.00000, 0.00000, 0.00000);//a3
	CreateObject(19445, 1240.10901, -1413.44519, 50.05350,   0.00000, 0.00000, -40.02000);//a4
	CreateObject(19445, 1246.50061, -1411.12683, 50.05350,   0.00000, 0.00000, 90.00000);//a5
	CreateObject(19445, 1253.77698, -1412.94263, 50.05350,   0.00000, 0.00000, 56.46000);//a6
	CreateObject(19445, 1257.39050, -1419.73413, 50.05350,   0.00000, 0.00000, 0.00000);//a7
	CreateObject(19445, 1257.39294, -1429.31689, 50.05350,   0.00000, 0.00000, 0.00000);//a8
	CreateObject(19445, 1257.40076, -1438.84924, 50.05350,   0.00000, 0.00000, 0.00000);//a9
	CreateObject(19445, 1257.39758, -1447.96509, 50.05350,   0.00000, 0.00000, 0.00000);//a10
	CreateObject(19445, 1253.41553, -1454.98425, 50.05350,   0.00000, 0.00000, -56.58000);//a11
	CreateObject(19445, 1245.42468, -1457.66919, 50.05350,   0.00000, 0.00000, 92.04000);//a12
	CreateObject(19445, 1236.04333, -1459.02734, 50.05350,   0.00000, 0.00000, 104.34000);//a13
	CreateObject(19445, 1240.10901, -1413.44519, 55.43722,   0.00000, 0.00000, -40.02000);//a14
	CreateObject(19445, 1246.50061, -1411.12683, 55.43720,   0.00000, 0.00000, 90.00000);//a15
	CreateObject(19445, 1253.77698, -1412.94263, 55.43720,   0.00000, 0.00000, 56.46000);//a16
	CreateObject(19445, 1257.39050, -1419.73413, 55.43720,   0.00000, 0.00000, 0.00000);//a17
	CreateObject(19445, 1257.39294, -1429.31689, 55.43720,   0.00000, 0.00000, 0.00000);//a18
	CreateObject(19445, 1257.40076, -1438.84924, 55.43720,   0.00000, 0.00000, 0.00000);//a19
	CreateObject(19445, 1257.39758, -1447.96509, 55.43720,   0.00000, 0.00000, 0.00000);//a20
	CreateObject(19445, 1253.41553, -1454.98425, 55.43720,   0.00000, 0.00000, -56.58000);//a21
	CreateObject(19445, 1245.42468, -1457.65918, 55.43720,   0.00000, 0.00000, 92.04000);//a22
	CreateObject(19445, 1236.04333, -1459.06299, 55.43720,   0.00000, 0.00000, 104.34000);//a23
	CreateObject(19445, 1237.02332, -1444.66431, 55.43720,   0.00000, 0.00000, 0.00000);//a23
	CreateObject(19445, 1237.00208, -1435.05627, 55.43720,   0.00000, 0.00000, 0.00000);//a24
	CreateObject(19445, 1237.00305, -1428.19458, 55.43720,   0.00000, 0.00000, 0.00000);//a25
	CreateObject(19445, 1236.99109, -1421.64539, 55.43720,   0.00000, 0.00000, 0.00000);//a26
	CreateObject(19445, 1237.02368, -1453.98914, 55.43720,   0.00000, 0.00000, 0.00000);//a27
	CreateObject(3858, 1257.32349, -1445.14954, 51.20890,   0.00000, 0.00000, -45.00000);//a28___OKNO
	CreateObject(3858, 1257.32349, -1430.73340, 51.79660,   0.00000, 0.00000, -45.00000);//a29___OKNO
	CreateObject(3858, 1257.32349, -1416.63049, 51.79920,   0.00000, 0.00000, -45.00000);//a30___OKNO
	CreateObject(3858, 1256.33020, -1414.71619, 54.20038,   0.00000, 0.00000, 11.34000);//a31___OKNO
	CreateObject(19445, 1246.29065, -1411.11682, 52.95410,   0.00000, 0.00000, 90.00000);//a32
	CreateObject(3858, 1251.45874, -1456.21606, 51.69271,   0.00000, 0.00000, 78.41998);//a33___OKNO
	CreateObject(19445, 1240.10901, -1413.42517, 53.25780,   0.00000, 0.00000, -40.02000);//a34
	CreateObject(19445, 1236.98108, -1421.56543, 53.46600,   0.00000, 0.00000, 0.00000);//a35
	CreateObject(19445, 1236.97107, -1428.26855, 53.46600,   0.00000, 0.00000, 0.00000);//a36
	CreateObject(19445, 1236.96106, -1436.29944, 53.46600,   0.00000, 0.00000, 0.00000);//a37
	CreateObject(19445, 1237.00818, -1445.41602, 53.46600,   0.00000, 0.00000, 0.00000);//a38
	CreateObject(19445, 1237.01819, -1454.17834, 53.47600,   0.00000, 0.00000, 0.00000);//a39
	CreateObject(19445, 1245.42468, -1457.66919, 53.47600,   0.00000, 0.00000, 92.04000);//a40
	CreateObject(19445, 1236.03516, -1459.06726, 53.47600,   0.00000, 0.00000, 104.34000);//a41
	CreateObject(19391, 1237.01685, -1450.87817, 50.09410,   0.00000, 0.00000, 0.00000);//wejscie1
	CreateObject(19391, 1237.02307, -1453.85474, 50.04540,   0.00000, 0.00000, 0.00000);//wejscie2
	CreateObject(19391, 1237.03210, -1456.87976, 50.04620,   0.00000, 0.00000, 0.00000);//wejscie3
	CreateObject(19391, 1237.06616, -1421.77625, 50.06340,   0.00000, 0.00000, 0.00000);//wejscie4
	CreateObject(19391, 1235.58984, -1423.62732, 50.06926,   0.00000, 0.00000, -80.46000);//wejscie5
	CreateObject(19391, 1237.06775, -1418.68335, 50.05250,   0.00000, 0.00000, 0.00000);//wejscie6
	CreateObject(19391, 1237.09216, -1415.59375, 50.05430,   0.00000, 0.00000, 0.00000);//wejscie7

//________________________Dach_Sala___________________________________

	CreateObject(19370, 1238.10571, -1457.30310, 57.10600,   0.00000, 90.00000, 0.00000);
	CreateObject(19370, 1238.11316, -1454.15234, 57.10600,   0.00000, 90.00000, 0.00000);
	CreateObject(19370, 1241.44946, -1456.76782, 57.10600,   0.00000, 90.00000, 0.00000);
	CreateObject(19370, 1244.92029, -1456.76904, 57.10600,   0.00000, 90.00000, 0.00000);
	CreateObject(19370, 1248.21191, -1456.77454, 57.10600,   0.00000, 90.00000, 0.00000);
	CreateObject(19370, 1251.54028, -1456.77051, 57.10600,   0.00000, 90.00000, 0.00000);
	CreateObject(19370, 1241.52246, -1453.62585, 57.10600,   0.00000, 90.00000, 0.00000);
	CreateObject(19370, 1244.95740, -1453.62256, 57.10600,   0.00000, 90.00000, 0.00000);
	CreateObject(19370, 1248.42395, -1453.61548, 57.10600,   0.00000, 90.00000, 0.00000);
	CreateObject(19370, 1251.89343, -1453.63257, 57.10600,   0.00000, 90.00000, 0.00000);
	CreateObject(19370, 1255.26489, -1453.64624, 57.10600,   0.00000, 90.00000, 0.00000);
	CreateObject(19370, 1258.65881, -1451.13477, 57.10600,   0.00000, 90.00000, 0.00000);
	CreateObject(19370, 1255.61853, -1450.51257, 57.10600,   0.00000, 90.00000, 0.00000);
	CreateObject(19370, 1252.18127, -1450.52405, 57.10600,   0.00000, 90.00000, 0.00000);
	CreateObject(19370, 1248.75964, -1450.51648, 57.10600,   0.00000, 90.00000, 0.00000);
	CreateObject(19370, 1245.30005, -1450.51233, 57.10600,   0.00000, 90.00000, 0.00000);
	CreateObject(19370, 1241.83655, -1450.50745, 57.10600,   0.00000, 90.00000, 0.00000);
	CreateObject(19370, 1238.34583, -1451.11963, 57.10600,   0.00000, 90.00000, 0.00000);
	CreateObject(19370, 1238.39050, -1447.94434, 57.10600,   0.00000, 90.00000, 0.00000);
	CreateObject(19370, 1241.81934, -1447.34509, 57.10600,   0.00000, 90.00000, 0.00000);
	CreateObject(19370, 1245.15662, -1447.34424, 57.10600,   0.00000, 90.00000, 0.00000);
	CreateObject(19370, 1248.57373, -1447.34045, 57.10600,   0.00000, 90.00000, 0.00000);
	CreateObject(19370, 1252.05798, -1447.34863, 57.10600,   0.00000, 90.00000, 0.00000);
	CreateObject(19370, 1255.52478, -1447.35266, 57.10600,   0.00000, 90.00000, 0.00000);
	CreateObject(19370, 1238.35608, -1444.87341, 57.10600,   0.00000, 90.00000, 0.00000);
	CreateObject(19370, 1241.85022, -1444.17444, 57.10600,   0.00000, 90.00000, 0.00000);
	CreateObject(19370, 1245.33472, -1444.17944, 57.10600,   0.00000, 90.00000, 0.00000);
	CreateObject(19370, 1248.69751, -1444.17834, 57.10600,   0.00000, 90.00000, 0.00000);
	CreateObject(19370, 1252.17102, -1444.18298, 57.10600,   0.00000, 90.00000, 0.00000);
	CreateObject(19370, 1255.61035, -1444.18652, 57.10600,   0.00000, 90.00000, 0.00000);
	CreateObject(19370, 1255.61096, -1441.08679, 57.10600,   0.00000, 90.00000, 0.00000);
	CreateObject(19370, 1252.19006, -1441.09412, 57.10600,   0.00000, 90.00000, 0.00000);
	CreateObject(19370, 1248.72144, -1441.08923, 57.10600,   0.00000, 90.00000, 0.00000);
	CreateObject(19370, 1245.23999, -1441.08508, 57.10600,   0.00000, 90.00000, 0.00000);
	CreateObject(19370, 1241.85559, -1441.08191, 57.10600,   0.00000, 90.00000, 0.00000);
	CreateObject(19370, 1238.47473, -1441.94189, 57.10600,   0.00000, 90.00000, 0.00000);
	CreateObject(19370, 1238.51428, -1438.89746, 57.10600,   0.00000, 90.00000, 0.00000);
	CreateObject(19370, 1242.11218, -1411.52979, 57.10600,   0.00000, 90.00000, 0.00000);
	CreateObject(19370, 1242.11499, -1414.63684, 57.10600,   0.00000, 90.00000, 0.00000);
	CreateObject(19370, 1238.67480, -1414.63989, 57.10600,   0.00000, 90.00000, 0.00000);
	CreateObject(19370, 1238.68250, -1417.75989, 57.10600,   0.00000, 90.00000, 0.00000);
	CreateObject(19370, 1242.15442, -1417.75830, 57.10600,   0.00000, 90.00000, 0.00000);
	CreateObject(19370, 1245.57690, -1411.52820, 57.10600,   0.00000, 90.00000, 0.00000);
	CreateObject(19370, 1249.01428, -1411.53040, 57.10600,   0.00000, 90.00000, 0.00000);
	CreateObject(19370, 1245.60791, -1414.63354, 57.10600,   0.00000, 90.00000, 0.00000);
	CreateObject(19370, 1252.43445, -1411.53137, 57.10600,   0.00000, 90.00000, 0.00000);
	CreateObject(19370, 1249.05347, -1414.64294, 57.10600,   0.00000, 90.00000, 0.00000);
	CreateObject(19370, 1252.50952, -1414.64404, 57.10600,   0.00000, 90.00000, 0.00000);
	CreateObject(19370, 1255.97131, -1414.64844, 57.10600,   0.00000, 90.00000, 0.00000);
	CreateObject(19370, 1245.61206, -1417.75415, 57.10600,   0.00000, 90.00000, 0.00000);
	CreateObject(19370, 1249.09302, -1417.75464, 57.10600,   0.00000, 90.00000, 0.00000);
	CreateObject(19370, 1252.59436, -1417.76184, 57.10600,   0.00000, 90.00000, 0.00000);
	CreateObject(19370, 1256.05945, -1417.76221, 57.10600,   0.00000, 90.00000, 0.00000);
	CreateObject(19370, 1238.68860, -1420.92090, 57.10600,   0.00000, 90.00000, 0.00000);
	CreateObject(19370, 1242.15259, -1420.91565, 57.10600,   0.00000, 90.00000, 0.00000);
	CreateObject(19370, 1245.63367, -1420.91821, 57.10600,   0.00000, 90.00000, 0.00000);
	CreateObject(19370, 1249.07495, -1420.92749, 57.10600,   0.00000, 90.00000, 0.00000);
	CreateObject(19370, 1252.49280, -1420.93042, 57.10600,   0.00000, 90.00000, 0.00000);
	CreateObject(19370, 1255.98975, -1420.93091, 57.10600,   0.00000, 90.00000, 0.00000);
	CreateObject(19370, 1238.68982, -1424.07654, 57.10600,   0.00000, 90.00000, 0.00000);
	CreateObject(19370, 1242.10046, -1424.07947, 57.10600,   0.00000, 90.00000, 0.00000);
	CreateObject(19370, 1245.59985, -1424.08215, 57.10600,   0.00000, 90.00000, 0.00000);
	CreateObject(19370, 1249.08655, -1424.09131, 57.10600,   0.00000, 90.00000, 0.00000);
	CreateObject(19370, 1252.56897, -1424.09583, 57.10600,   0.00000, 90.00000, 0.00000);
	CreateObject(19370, 1255.99072, -1424.09973, 57.10600,   0.00000, 90.00000, 0.00000);
	CreateObject(19370, 1238.68994, -1427.29199, 57.10600,   0.00000, 90.00000, 0.00000);
	CreateObject(19370, 1242.17480, -1427.29443, 57.10600,   0.00000, 90.00000, 0.00000);
	CreateObject(19370, 1245.64355, -1427.30151, 57.10600,   0.00000, 90.00000, 0.00000);
	CreateObject(19370, 1249.11707, -1427.29285, 57.10600,   0.00000, 90.00000, 0.00000);
	CreateObject(19370, 1252.59570, -1427.29614, 57.10600,   0.00000, 90.00000, 0.00000);
	CreateObject(19370, 1256.06165, -1427.30322, 57.10600,   0.00000, 90.00000, 0.00000);
	CreateObject(19370, 1238.69226, -1430.46118, 57.10600,   0.00000, 90.00000, 0.00000);
	CreateObject(19370, 1238.69482, -1433.61060, 57.10600,   0.00000, 90.00000, 0.00000);
	CreateObject(19370, 1238.69849, -1436.17078, 57.11600,   0.00000, 90.00000, 0.00000);
	CreateObject(19370, 1242.11304, -1430.46912, 57.10600,   0.00000, 90.00000, 0.00000);
	CreateObject(19370, 1245.52966, -1430.47168, 57.10600,   0.00000, 90.00000, 0.00000);
	CreateObject(19370, 1248.93323, -1430.47534, 57.10600,   0.00000, 90.00000, 0.00000);
	CreateObject(19370, 1252.40405, -1430.47534, 57.10600,   0.00000, 90.00000, 0.00000);
	CreateObject(19370, 1255.85596, -1430.47717, 57.10600,   0.00000, 90.00000, 0.00000);
	CreateObject(19370, 1242.13855, -1433.63831, 57.10600,   0.00000, 90.00000, 0.00000);
	CreateObject(19370, 1245.56079, -1433.63989, 57.10600,   0.00000, 90.00000, 0.00000);
	CreateObject(19370, 1248.89575, -1433.64246, 57.10600,   0.00000, 90.00000, 0.00000);
	CreateObject(19370, 1252.28687, -1433.64441, 57.10600,   0.00000, 90.00000, 0.00000);
	CreateObject(19370, 1255.75415, -1433.64856, 57.10600,   0.00000, 90.00000, 0.00000);
	CreateObject(19370, 1241.66162, -1437.92920, 57.10600,   0.00000, 90.00000, 0.00000);
	CreateObject(19370, 1241.66821, -1435.79846, 57.10600,   0.00000, 90.00000, 0.00000);
	CreateObject(19370, 1245.09338, -1437.92383, 57.10600,   0.00000, 90.00000, 0.00000);
	CreateObject(19370, 1245.10291, -1435.88379, 57.10600,   0.00000, 90.00000, 0.00000);
	CreateObject(19370, 1248.46106, -1437.93347, 57.10600,   0.00000, 90.00000, 0.00000);
	CreateObject(19370, 1251.99060, -1436.73950, 57.10600,   0.00000, 90.00000, 0.00000);
	CreateObject(19370, 1255.42053, -1438.00195, 57.10600,   0.00000, 90.00000, 0.00000);
	CreateObject(19370, 1255.56042, -1434.93860, 57.10600,   0.00000, 90.00000, 0.00000);
	CreateObject(19370, 1252.06226, -1438.64038, 57.10600,   0.00000, 90.00000, 0.00000);
	CreateObject(19370, 1248.58105, -1435.81592, 57.10600,   0.00000, 90.00000, 0.00000);
//________________________Scena_na_Sali_______________________________

	CreateObject(19375, 1257.60315, -1431.79565, 49.28820,   0.00000, 90.00000, 0.00000);
	CreateObject(19375, 1257.60315, -1422.51904, 49.28820,   0.00000, 90.00000, 0.00000);
	CreateObject(19375, 1257.60315, -1441.26270, 49.28820,   0.00000, 90.00000, 0.00000);
	CreateObject(14416, 1254.39990, -1447.92395, 46.17670,   0.00000, 0.00000, 0.00000);
	CreateObject(14416, 1258.35486, -1447.92395, 46.17670,   0.00000, 0.00000, 0.00000);
	CreateObject(19445, 1252.43494, -1442.55457, 47.61890,   0.00000, 0.00000, 0.00000);
	CreateObject(19445, 1252.43494, -1433.31775, 47.62360,   0.00000, 0.00000, 0.00000);
	CreateObject(19445, 1252.43494, -1423.99426, 47.62360,   0.00000, 0.00000, 0.00000);
	CreateObject(14416, 1254.31982, -1415.86646, 46.18070,   0.00000, 0.00000, 180.00000);
	CreateObject(14416, 1258.26575, -1415.86646, 46.18070,   0.00000, 0.00000, 180.00000);
	CreateObject(19426, 1252.43457, -1417.22424, 47.62360,   0.00000, 0.00000, 0.00000);
	CreateObject(19426, 1252.42688, -1418.71436, 47.62360,   0.00000, 0.00000, 0.00000);
	
//________________________Dodatki_Sala_______________________________

	CreateObject(19614, 1252.72107, -1445.69153, 49.35620,   0.00000, 0.00000, -117.96000);
	CreateObject(19614, 1252.71326, -1418.21021, 49.37447,   0.00000, 0.00000, -59.04000);
	CreateObject(19611, 1252.94055, -1437.02734, 49.37510,   0.00000, 0.00000, 0.00000);
	CreateObject(19610, 1252.95264, -1437.01733, 51.00770,   19.26000, -2.34000, -88.32000);
	CreateObject(638, 1251.96814, -1417.77954, 49.07390,   0.00000, 0.00000, 0.00000);
	CreateObject(638, 1251.96814, -1420.44519, 49.07390,   0.00000, 0.00000, 0.00000);
	CreateObject(638, 1251.96814, -1423.10303, 49.07390,   0.00000, 0.00000, 0.00000);
	CreateObject(638, 1251.96814, -1425.78064, 49.07390,   0.00000, 0.00000, 0.00000);
	CreateObject(638, 1251.96814, -1428.45935, 49.07390,   0.00000, 0.00000, 0.00000);
	CreateObject(638, 1251.96814, -1431.06665, 49.07390,   0.00000, 0.00000, 0.00000);
	CreateObject(638, 1251.96814, -1433.74365, 49.07390,   0.00000, 0.00000, 0.00000);
	CreateObject(638, 1251.96814, -1436.41833, 49.07390,   0.00000, 0.00000, 0.00000);
	CreateObject(638, 1251.96814, -1439.08228, 49.07390,   0.00000, 0.00000, 0.00000);
	CreateObject(638, 1251.96814, -1441.72754, 49.07390,   0.00000, 0.00000, 0.00000);
	CreateObject(638, 1251.96814, -1444.26221, 49.07390,   0.00000, 0.00000, 0.00000);
	CreateObject(638, 1251.96814, -1446.84497, 49.07390,   0.00000, 0.00000, 0.00000);
	CreateObject(1216, 1243.91858, -1411.49707, 48.67550,   0.00000, 0.00000, 0.00000);
	CreateObject(1216, 1245.83850, -1411.49707, 48.67550,   0.00000, 0.00000, 0.00000);
	CreateObject(1216, 1248.21997, -1411.49707, 48.67550,   0.00000, 0.00000, 0.00000);
	CreateObject(1216, 1250.63110, -1411.49707, 48.67550,   0.00000, 0.00000, 0.00000);
	CreateObject(1235, 1237.60022, -1420.13000, 48.95380,   0.00000, 0.00000, 0.00000);
	CreateObject(1235, 1237.56140, -1452.38306, 48.94970,   0.00000, 0.00000, 0.00000);
	CreateObject(1235, 1237.55750, -1455.34009, 48.94850,   0.00000, 0.00000, 0.00000);
	CreateObject(1776, 1236.62329, -1420.24036, 49.52000,   0.00000, 0.00000, -89.75998);
	CreateObject(2164, 1246.40283, -1457.53955, 48.43920,   0.00000, 0.00000, -178.14000);
	CreateObject(2608, 1248.25671, -1457.25940, 50.11680,   0.00000, 0.00000, -179.52010);
	CreateObject(2162, 1242.74670, -1457.69910, 48.43570,   0.00000, 0.00000, -178.31979);
	CreateObject(2161, 1239.39148, -1458.09314, 48.43890,   0.00000, 0.00000, -166.25990);
	CreateObject(2614, 1237.14185, -1437.02734, 50.72540,   0.00000, 0.00000, 90.30000);
	CreateObject(1723, 1239.37634, -1434.33972, 48.43900,   0.00000, 0.00000, 90.00000);
	CreateObject(1723, 1239.37012, -1431.41443, 48.43890,   0.00000, 0.00000, 90.00000);
	CreateObject(1723, 1239.36035, -1428.51135, 48.42920,   0.00000, 0.00000, 90.00000);
	CreateObject(1723, 1239.37634, -1441.24207, 48.43890,   0.00000, -0.04000, 90.00000);
	CreateObject(1723, 1239.36694, -1444.15723, 48.42890,   0.00000, 0.00000, 90.00000);
	CreateObject(1723, 1239.35706, -1447.07361, 48.42830,   0.00000, 0.00000, 90.00000);
	CreateObject(1723, 1241.75024, -1447.07361, 48.43820,   0.00000, 0.00000, 90.00000);
	CreateObject(1723, 1241.74304, -1444.18823, 48.43800,   0.00000, 0.00000, 90.00000);
	CreateObject(1723, 1241.75244, -1441.29517, 48.42900,   0.00000, 0.00000, 90.00000);
	CreateObject(1723, 1241.66443, -1434.33972, 48.43900,   0.00000, 0.00000, 90.00000);
	CreateObject(1723, 1241.65674, -1431.43738, 48.43880,   0.00000, 0.00000, 90.00000);
	CreateObject(1723, 1241.65015, -1428.52686, 48.43870,   0.00000, 0.00000, 90.00000);
	CreateObject(1723, 1243.92786, -1447.07361, 48.43900,   0.00000, 0.00000, 90.00000);
	CreateObject(1723, 1243.93665, -1444.16150, 48.43870,   0.00000, 0.00000, 90.00000);
	CreateObject(1723, 1243.92432, -1441.24438, 48.42920,   0.00000, 0.00000, 90.00000);
	CreateObject(1723, 1243.92432, -1434.33972, 48.43820,   0.00000, 0.00000, 90.00000);
	CreateObject(1723, 1243.93042, -1431.44275, 48.42920,   0.00000, 0.00000, 90.00000);
	CreateObject(1723, 1243.93054, -1428.58569, 48.41910,   0.00000, 0.00000, 90.00000);
	CreateObject(1724, 1256.80835, -1436.69727, 49.37470,   0.00000, 0.00000, -90.18000);
	CreateObject(1724, 1256.80151, -1435.63464, 49.23500,   0.00000, 0.00000, -90.18000);
	CreateObject(1724, 1256.80139, -1437.79163, 49.23500,   0.00000, 0.00000, -90.18000);
	CreateObject(2200, 1254.01782, -1412.78918, 48.38446,   0.00000, 0.00000, -34.07999);
	CreateObject(2207, 1249.02319, -1436.10803, 48.41482,   0.00000, 0.00000, -92.81998);
	CreateObject(1722, 1251.01477, -1437.13232, 48.43986,   0.00000, 0.00000, 90.06002);
	CreateObject(1722, 1255.43787, -1424.46265, 49.36570,   0.00000, 0.00000, 85.14000);
	CreateObject(1722, 1255.64612, -1429.80530, 49.37591,   0.00000, 0.00000, 78.66001);
	CreateObject(2205, 1253.79944, -1425.10938, 49.24848,   0.00000, 0.00000, 89.94009);
	CreateObject(2205, 1254.04675, -1430.32764, 49.23508,   0.00000, 0.00000, 89.76000);
	CreateObject(19445, 1237.05334, -1444.66431, 55.43720,   0.00000, 0.00000, 0.00000);
	
//______________________Toalety_oraz_tajemny_pokój___________________

	CreateObject(19450, 1225.02625, -1463.29663, 50.04858,   0.00000, 0.00000, 0.00000);
	CreateObject(19450, 1230.84546, -1467.93030, 50.04860,   0.00000, 0.00000, -90.00000);
	CreateObject(19450, 1231.15771, -1463.56775, 50.04860,   0.00000, 0.00000, 0.00000);
	CreateObject(19450, 1231.44653, -1458.60901, 50.04860,   0.00000, 0.00000, 90.42000);
	CreateObject(19450, 1227.02002, -1458.56934, 52.53880,   0.00000, 0.00000, -90.00000);
	CreateObject(3858, 1225.82483, -1468.00488, 48.87326,   0.00000, 0.00000, 44.27999);
	CreateObject(19376, 1228.67590, -1465.10181, 51.74010,   0.00000, 90.00000, 0.00000);
//
	CreateObject(1491, 1225.11499, -1458.48938, 48.30960,   0.00000, 0.00000, 0.00000);
	CreateObject(2528, 1230.42395, -1466.94604, 48.43850,   0.00000, 0.00000, -90.00000);
	CreateObject(19431, 1230.49695, -1466.31006, 50.04200,   0.00000, 0.00000, 90.00000);
	CreateObject(1523, 1228.91077, -1467.92773, 48.37930,   0.00000, 0.00000, 90.00000);
	CreateObject(19431, 1229.61230, -1466.30627, 50.04200,   0.00000, 0.00000, -90.00000);
	CreateObject(2602, 1227.55994, -1459.08411, 48.91924,   0.00000, 0.00000, 0.00000);
	CreateObject(2602, 1229.92395, -1459.08997, 48.88110,   0.00000, 0.00000, 0.00000);
	CreateObject(19873, 1228.99915, -1465.95593, 48.47134,   0.00000, 0.00000, 0.00000);
	CreateObject(1811, 1230.66626, -1461.89978, 48.91580,   0.00000, 0.00000, 0.00000);
	CreateObject(1811, 1230.66626, -1463.31580, 48.91580,   0.00000, 0.00000, 0.00000);
	CreateObject(1811, 1230.66626, -1465.00732, 48.91580,   0.00000, 0.00000, 0.00000);
	CreateObject(19450, 1227.17786, -1477.14685, 49.84616,   0.00000, 0.00000, 90.00000);
	
//

	CreateObject(19329, 1225.58557, -1467.91565, 51.19010,   0.00000, 0.00000, 0.00000);//przejscie1
	CreateObject(19329, 1225.47144, -1467.91565, 50.36020,   0.00000, 0.00000, 0.00000);//przejscie2
	CreateObject(19329, 1225.43640, -1467.91565, 49.52410,   0.00000, 0.00000, 0.00000);//przejscie3
	CreateObject(19329, 1225.50562, -1467.91565, 48.71430,   0.00000, 0.00000, 0.00000);//przejscie4
	

//________________________Inne_______________________________________

	CreateObject(1536, 1219.01965, -1458.46460, 48.43039,   0.00000, 0.00000, 0.00000);
	CreateObject(949, 1216.83484, -1458.04980, 49.05776,   0.00000, 0.00000, 0.00000);
	CreateObject(949, 1236.49866, -1458.01318, 49.03760,   0.00000, 0.00000, 0.00000);
	CreateObject(949, 1236.40845, -1422.86475, 49.01109,   0.00000, 0.00000, 0.00000);
	CreateObject(19370, 1258.81287, -1438.05103, 57.10600,   0.00000, 90.00000, 0.00000);
	CreateObject(19370, 1258.85815, -1434.95337, 57.10600,   0.00000, 90.00000, 0.00000);
	CreateObject(3384, 1230.90820, -1471.20300, 49.67949,   0.00000, 0.00000, 0.00000);
	CreateObject(2894, 1249.09167, -1437.07800, 49.19120,   0.00000, 0.00000, -90.00000);
	CreateObject(1221, 1225.75562, -1467.18469, 48.89074,   0.00000, 0.00000, 0.00000);
	CreateObject(1221, 1225.75122, -1467.19055, 49.79173,   0.00000, 0.00000, 0.00000);
	CreateObject(1221, 1225.74854, -1467.21216, 50.68552,   0.00000, 0.00000, -4.20000);
	CreateObject(1221, 1225.70630, -1465.93896, 48.78220,   0.00000, 0.00000, 0.00000);

	
//________________________Podmianki_toalet_oraz_tajemnego_pokoju_____

	new tajniak =	CreateObject(19450, 1225.02625, -1463.29663, 50.04858,   0.00000, 0.00000, 0.00000);
    SetObjectMaterial(tajniak, 0, 8565, "vgsebuild01", "ws_stonewall", 0xFFFFFFFF);
    
    tajniak =	CreateObject(19450, 1230.84546, -1467.93030, 50.04860,   0.00000, 0.00000, -90.00000);
    SetObjectMaterial(tajniak, 0, 8565, "vgsebuild01", "ws_stonewall", 0xFFFFFFFF);

    tajniak =	CreateObject(19450, 1231.15771, -1463.56775, 50.04860,   0.00000, 0.00000, 0.00000);
    SetObjectMaterial(tajniak, 0, 8565, "vgsebuild01", "ws_stonewall", 0xFFFFFFFF);
    
    tajniak =	CreateObject(19450, 1231.44653, -1458.60901, 50.04860,   0.00000, 0.00000, 90.42000);
    SetObjectMaterial(tajniak, 0, 8565, "vgsebuild01", "ws_stonewall", 0xFFFFFFFF);
    
    tajniak =	CreateObject(19450, 1227.02002, -1458.56934, 52.53880,   0.00000, 0.00000, -90.00000);
    SetObjectMaterial(tajniak, 0, 8565, "vgsebuild01", "ws_stonewall", 0xFFFFFFFF);
    
    tajniak =	CreateObject(3858, 1225.82483, -1468.00488, 48.87326,   0.00000, 0.00000, 44.27999);
    SetObjectMaterial(tajniak, 0, 8565, "vgsebuild01", "ws_stonewall", 0xFFFFFFFF);
    
    tajniak =	CreateObject(19431, 1230.49695, -1466.31006, 50.04200,   0.00000, 0.00000, 90.00000);
    SetObjectMaterial(tajniak, 0, 8565, "vgsebuild01", "ws_stonewall", 0xFFFFFFFF);

    tajniak =	CreateObject(19431, 1229.61230, -1466.30627, 50.04200,   0.00000, 0.00000, -90.00000);
    SetObjectMaterial(tajniak, 0, 8565, "vgsebuild01", "ws_stonewall", 0xFFFFFFFF);
    
    tajniak =   CreateObject(19329, 1225.58557, -1467.91565, 51.19010,   0.00000, 0.00000, 0.00000);//przejscie1
    SetObjectMaterial(tajniak, 0, 8565, "vgsebuild01", "ws_stonewall", 0xFFFFFFFF);
    
    tajniak =	CreateObject(19329, 1225.47144, -1467.91565, 50.36020,   0.00000, 0.00000, 0.00000);//przejscie2
    SetObjectMaterial(tajniak, 0, 8565, "vgsebuild01", "ws_stonewall", 0xFFFFFFFF);
    
    tajniak =	CreateObject(19329, 1225.43640, -1467.91565, 49.52410,   0.00000, 0.00000, 0.00000);//przejscie3
    SetObjectMaterial(tajniak, 0, 8565, "vgsebuild01", "ws_stonewall", 0xFFFFFFFF);
    
    tajniak =	CreateObject(19329, 1225.50562, -1467.91565, 48.71430,   0.00000, 0.00000, 0.00000);//przejscie4
    SetObjectMaterial(tajniak, 0, 8565, "vgsebuild01", "ws_stonewall", 0xFFFFFFFF);
    
    
    new wykonawca = CreateObject(19450, 1227.17786, -1477.14685, 49.84616,   0.00000, 0.00000, 90.00000);
    SetObjectMaterialText(wykonawca, "Wykonane przez\nSzYm3k\ndla Mrucznik-rp", 0, OBJECT_MATERIAL_SIZE_256x128,
    "Arial", 28, 0, 0xFFFF8200, 0xFF000000, OBJECT_MATERIAL_TEXT_ALIGN_CENTER);
    
//________________________Podmiany_Ścian_Hol__________________________

	new scianka =	CreateObject(19454, 1207.51892, -1437.54297, 45.84220,   0.00000, 0.00000, 0.00000);//1
	SetObjectMaterial(scianka, 0, 8412, "wddngchpl", "vgsn_chplroof", 0xFFFFFFFF);
	
	scianka =	CreateObject(19454, 1211.41699, -1432.76453, 45.84100,   0.00000, 0.00000, 90.00000);//2
	SetObjectMaterial(scianka, 0, 8412, "wddngchpl", "vgsn_chplroof", 0xFFFFFFFF);
	
	scianka =	CreateObject(19454, 1211.47144, -1442.41418, 45.83190,   0.00000, 0.00000, 90.00000);//3
	SetObjectMaterial(scianka, 0, 8412, "wddngchpl", "vgsn_chplroof", 0xFFFFFFFF);
	
	scianka =	CreateObject(19454, 1216.14941, -1427.79089, 46.94190,   10.00000, 0.00000, 0.00000);//4
	SetObjectMaterial(scianka, 0, 8412, "wddngchpl", "vgsn_chplroof", 0xFFFFFFFF);
	
	scianka =	CreateObject(19454, 1219.98950, -1427.91626, 46.94190,   10.00000, 0.00000, 0.00000);//5
	SetObjectMaterial(scianka, 0, 8412, "wddngchpl", "vgsn_chplroof", 0xFFFFFFFF);
	
	scianka =	CreateObject(19454, 1224.72058, -1432.87292, 45.84100,   0.00000, 0.00000, 90.00000);//6
	SetObjectMaterial(scianka, 0, 8412, "wddngchpl", "vgsn_chplroof", 0xFFFFFFFF);
	
	scianka =	CreateObject(19454, 1224.95544, -1442.42920, 45.84100,   0.00000, 0.00000, 90.00000);//7
	SetObjectMaterial(scianka, 0, 8412, "wddngchpl", "vgsn_chplroof", 0xFFFFFFFF);
	
	scianka =	CreateObject(19454, 1220.26343, -1447.39001, 46.94190,   -10.00000, 0.00000, 0.00000);//8
	SetObjectMaterial(scianka, 0, 8412, "wddngchpl", "vgsn_chplroof", 0xFFFFFFFF);
	
	scianka =	CreateObject(19454, 1216.21985, -1447.35486, 46.94190,   -10.00000, 0.00000, 0.00000);//9
	SetObjectMaterial(scianka, 0, 8412, "wddngchpl", "vgsn_chplroof", 0xFFFFFFFF);
	
	scianka =	CreateObject(19454, 1227.27771, -1437.65845, 45.84100,   0.00000, 0.00000, 0.00000);//10
	SetObjectMaterial(scianka, 0, 8412, "wddngchpl", "vgsn_chplroof", 0xFFFFFFFF);
	
	scianka =	CreateObject(19454, 1220.22217, -1447.16296, 45.84100,   0.00000, 0.00000, 0.00000);//11
	SetObjectMaterial(scianka, 0, 8412, "wddngchpl", "vgsn_chplroof", 0xFFFFFFFF);
	
	scianka =	CreateObject(19454, 1216.22510, -1447.14978, 45.84100,   0.00000, 0.00000, 0.00000);//12
	SetObjectMaterial(scianka, 0, 8412, "wddngchpl", "vgsn_chplroof", 0xFFFFFFFF);
	
	scianka =	CreateObject(19454, 1219.98291, -1428.14343, 45.84100,   0.00000, 0.00000, 0.00000);//13
	SetObjectMaterial(scianka, 0, 8412, "wddngchpl", "vgsn_chplroof", 0xFFFFFFFF);
	
	scianka =	CreateObject(19454, 1216.15002, -1428.00952, 45.84100,   0.00000, 0.00000, 0.00000);//14
	SetObjectMaterial(scianka, 0, 8412, "wddngchpl", "vgsn_chplroof", 0xFFFFFFFF);
	
	scianka =	CreateObject(19454, 1219.98206, -1428.13086, 49.34470,   0.00000, 0.00000, 0.00000);//15
	SetObjectMaterial(scianka, 0, 8412, "wddngchpl", "vgsn_chplroof", 0xFFFFFFFF);
	
	scianka =	CreateObject(19454, 1216.14746, -1428.01624, 49.34470,   0.00000, 0.00000, 0.00000);//16
	SetObjectMaterial(scianka, 0, 8412, "wddngchpl", "vgsn_chplroof", 0xFFFFFFFF);
	
	scianka =	CreateObject(19454, 1220.25952, -1447.17114, 49.34470,   0.00000, 0.00000, 0.00000);//17
	SetObjectMaterial(scianka, 0, 8412, "wddngchpl", "vgsn_chplroof", 0xFFFFFFFF);
	
	scianka =	CreateObject(19454, 1216.21985, -1447.16223, 49.34470,   0.00000, 0.00000, 0.00000);//18
	SetObjectMaterial(scianka, 0, 8412, "wddngchpl", "vgsn_chplroof", 0xFFFFFFFF);
	
	scianka =	CreateObject(19454, 1224.71765, -1423.37476, 50.05353,   0.00000, 0.00000, 90.00000);//19
	SetObjectMaterial(scianka, 0, 8412, "wddngchpl", "vgsn_chplroof", 0xFFFFFFFF);
	
	scianka =	CreateObject(19454, 1232.33765, -1423.37195, 50.05510,   0.00000, 0.00000, 90.00000);//20
	SetObjectMaterial(scianka, 0, 8412, "wddngchpl", "vgsn_chplroof", 0xFFFFFFFF);

	scianka =	CreateObject(19454, 1216.14941, -1418.90845, 50.05350,   0.00000, 0.00000, 0.00000);//21
	SetObjectMaterial(scianka, 0, 8412, "wddngchpl", "vgsn_chplroof", 0xFFFFFFFF);
	
	scianka =	CreateObject(19454, 1219.37366, -1417.02136, 50.05350,   0.00000, 0.00000, 90.00000);//22
	SetObjectMaterial(scianka, 0, 8412, "wddngchpl", "vgsn_chplroof", 0xFFFFFFFF);
	
	scianka =	CreateObject(19454, 1232.34045, -1417.11023, 50.05350,   0.00000, 0.00000, 90.00000);//23
	SetObjectMaterial(scianka, 0, 8412, "wddngchpl", "vgsn_chplroof", 0xFFFFFFFF);
	
	scianka =	CreateObject(19454, 1216.21997, -1456.66016, 50.05350,   0.00000, 0.00000, 0.00000);//24
	SetObjectMaterial(scianka, 0, 8412, "wddngchpl", "vgsn_chplroof", 0xFFFFFFFF);
	
	scianka =	CreateObject(19454, 1224.90186, -1450.83105, 50.05350,   0.00000, 0.00000, -76.86000);//25
	SetObjectMaterial(scianka, 0, 8412, "wddngchpl", "vgsn_chplroof", 0xFFFFFFFF);
	
	scianka =	CreateObject(19454, 1219.63635, -1458.50708, 50.05350,   0.00000, 0.00000, 90.00000);//26
	SetObjectMaterial(scianka, 0, 8412, "wddngchpl", "vgsn_chplroof", 0xFFFFFFFF);
	
	scianka =	CreateObject(19454, 1232.28735, -1449.73804, 50.05350,   0.00000, 0.00000, 90.00000);//27
	SetObjectMaterial(scianka, 0, 8412, "wddngchpl", "vgsn_chplroof", 0xFFFFFFFF);
	
	scianka =	CreateObject(19454, 1232.28735, -1458.49182, 50.05350,   0.00000, 0.00000, 90.00000);//28
	SetObjectMaterial(scianka, 0, 8412, "wddngchpl", "vgsn_chplroof", 0xFFFFFFFF);
	
	scianka =	CreateObject(19454, 1216.13757, -1423.92834, 51.09290,   0.00000, 0.00000, 0.00000);//29
	SetObjectMaterial(scianka, 0, 8412, "wddngchpl", "vgsn_chplroof", 0xFFFFFFFF);
	
	scianka =	CreateObject(19454, 1219.99072, -1428.18372, 52.74130,   0.00000, 0.00000, 0.00000);//30
	SetObjectMaterial(scianka, 0, 8412, "wddngchpl", "vgsn_chplroof", 0xFFFFFFFF);
	
	scianka =	CreateObject(19454, 1216.21863, -1450.34595, 52.65140,   0.00000, 0.00000, 0.00000);//31
	SetObjectMaterial(scianka, 0, 8412, "wddngchpl", "vgsn_chplroof", 0xFFFFFFFF);
	
	scianka =	CreateObject(19454, 1220.26685, -1447.17065, 52.58330,   0.00000, 0.00000, 0.00000);//32
	SetObjectMaterial(scianka, 0, 8412, "wddngchpl", "vgsn_chplroof", 0xFFFFFFFF);
	
	scianka =	CreateObject(19391, 1237.00659, -1456.87769, 50.05350,   0.00000, 0.00000, 0.00000);//wejscie do sali
	SetObjectMaterial(scianka, 0, 8412, "wddngchpl", "vgsn_chplroof", 0xFFFFFFFF);
	
	scianka =	CreateObject(19391, 1237.00659, -1453.85876, 50.05350,   0.00000, 0.00000, 0.00000);//wejscie do sali2
	SetObjectMaterial(scianka, 0, 8412, "wddngchpl", "vgsn_chplroof", 0xFFFFFFFF);
	
	scianka =	CreateObject(19391, 1237.00659, -1450.87854, 50.05350,   0.00000, 0.00000, 0.00000);//wejscie do sali3
	SetObjectMaterial(scianka, 0, 8412, "wddngchpl", "vgsn_chplroof", 0xFFFFFFFF);
	
	scianka =	CreateObject(19391, 1225.89709, -1458.50159, 50.05350,   0.00000, 0.00000, 90.00000);//wejscie do sdali4
	SetObjectMaterial(scianka, 0, 8412, "wddngchpl", "vgsn_chplroof", 0xFFFFFFFF);
	
	scianka =	CreateObject(19391, 1237.06116, -1421.77295, 50.05350,   0.00000, 0.00000, 0.00000);//wejscie do sali5
	SetObjectMaterial(scianka, 0, 8412, "wddngchpl", "vgsn_chplroof", 0xFFFFFFFF);
	
	scianka =	CreateObject(19391, 1237.06116, -1418.67749, 50.05350,   0.00000, 0.00000, 0.00000);//wejscie do sali6
	SetObjectMaterial(scianka, 0, 8412, "wddngchpl", "vgsn_chplroof", 0xFFFFFFFF);
	

//________________________POPRAWKA_HOL_________________________________

	scianka =   CreateObject(19454, 1225.69604, -1437.60754, 45.84100,   0.00000, 0.00000, 0.00000);//poprawka22222
	SetObjectMaterial(scianka, 0, 8412, "wddngchpl", "vgsn_chplroof", 0xFFFFFFFF);
	
	new sponsor =  	CreateObject(19329, 1216.30908, -1454.90576, 50.77248,   0.00000, 0.00000, 90.30000);//ufundowane
	SetObjectMaterialText(sponsor, "{215E21}Budynek ufundowany:\n{FF000000}Luis Cotta 50 procent\nRzad SA 50 procent ", 0, OBJECT_MATERIAL_SIZE_256x128,
 	"Arial Black", 28, 0, 0xFF000000, 0xFFFFFFFF,  OBJECT_MATERIAL_TEXT_ALIGN_CENTER);
 	
//________________________Podmiany_Ścian_Sala__________________________

	new jerry =	CreateObject(19445, 1237.01990, -1444.62451, 50.05350,   0.00000, 0.00000, 0.00000);//a1
    SetObjectMaterial(jerry, 0, 18202, "w_towncs_t", "hatwall256hi", 0xFFFFFFFF);

    jerry =	CreateObject(19445, 1237.01208, -1434.99634, 50.05350,   0.00000, 0.00000, 0.00000);//a2
    SetObjectMaterial(jerry, 0, 18202, "w_towncs_t", "hatwall256hi", 0xFFFFFFFF);

    jerry =	CreateObject(19445, 1237.01001, -1428.23865, 50.05350,   0.00000, 0.00000, 0.00000);//a3
    SetObjectMaterial(jerry, 0, 18202, "w_towncs_t", "hatwall256hi", 0xFFFFFFFF);
    
    jerry =	CreateObject(19445, 1240.10901, -1413.44519, 50.05350,   0.00000, 0.00000, -40.02000);//a4
    SetObjectMaterial(jerry, 0, 18202, "w_towncs_t", "hatwall256hi", 0xFFFFFFFF);
    
    jerry =	CreateObject(19445, 1246.50061, -1411.12683, 50.05350,   0.00000, 0.00000, 90.00000);//a5
    SetObjectMaterial(jerry, 0, 18202, "w_towncs_t", "hatwall256hi", 0xFFFFFFFF);
    
    jerry =	CreateObject(19445, 1253.77698, -1412.94263, 50.05350,   0.00000, 0.00000, 56.46000);//a6
    SetObjectMaterial(jerry, 0, 18202, "w_towncs_t", "hatwall256hi", 0xFFFFFFFF);
    
    jerry =	CreateObject(19445, 1257.39050, -1419.73413, 50.05350,   0.00000, 0.00000, 0.00000);//a7
    SetObjectMaterial(jerry, 0, 18202, "w_towncs_t", "hatwall256hi", 0xFFFFFFFF);
    
    jerry =	CreateObject(19445, 1257.39294, -1429.31689, 50.05350,   0.00000, 0.00000, 0.00000);//a8
    SetObjectMaterial(jerry, 0, 18202, "w_towncs_t", "hatwall256hi", 0xFFFFFFFF);
    
    jerry =	CreateObject(19445, 1257.40076, -1438.84924, 50.05350,   0.00000, 0.00000, 0.00000);//a9
    SetObjectMaterial(jerry, 0, 18202, "w_towncs_t", "hatwall256hi", 0xFFFFFFFF);
    
    jerry =	CreateObject(19445, 1257.39758, -1447.96509, 50.05350,   0.00000, 0.00000, 0.00000);//a10
    SetObjectMaterial(jerry, 0, 18202, "w_towncs_t", "hatwall256hi", 0xFFFFFFFF);
    
    jerry =	CreateObject(19445, 1253.41553, -1454.98425, 50.05350,   0.00000, 0.00000, -56.58000);//a11
    SetObjectMaterial(jerry, 0, 18202, "w_towncs_t", "hatwall256hi", 0xFFFFFFFF);
    
    jerry =	CreateObject(19445, 1245.42468, -1457.66919, 50.05350,   0.00000, 0.00000, 92.04000);//a12
    SetObjectMaterial(jerry, 0, 18202, "w_towncs_t", "hatwall256hi", 0xFFFFFFFF);
    
    jerry =	CreateObject(19445, 1236.04333, -1459.02734, 50.05350,   0.00000, 0.00000, 104.34000);//a13
    SetObjectMaterial(jerry, 0, 18202, "w_towncs_t", "hatwall256hi", 0xFFFFFFFF);
    
    jerry =	CreateObject(19445, 1240.10901, -1413.44519, 55.43722,   0.00000, 0.00000, -40.02000);//a14
    SetObjectMaterial(jerry, 0, 18202, "w_towncs_t", "hatwall256hi", 0xFFFFFFFF);
    
    jerry =	CreateObject(19445, 1246.50061, -1411.12683, 55.43720,   0.00000, 0.00000, 90.00000);//a15
    SetObjectMaterial(jerry, 0, 18202, "w_towncs_t", "hatwall256hi", 0xFFFFFFFF);
    
    jerry =	CreateObject(19445, 1253.77698, -1412.94263, 55.43720,   0.00000, 0.00000, 56.46000);//a16
    SetObjectMaterial(jerry, 0, 18202, "w_towncs_t", "hatwall256hi", 0xFFFFFFFF);
    
    jerry =	CreateObject(19445, 1257.39050, -1419.73413, 55.43720,   0.00000, 0.00000, 0.00000);//a17
    SetObjectMaterial(jerry, 0, 18202, "w_towncs_t", "hatwall256hi", 0xFFFFFFFF);
    
    jerry =	CreateObject(19445, 1257.39294, -1429.31689, 55.43720,   0.00000, 0.00000, 0.00000);//a18
    SetObjectMaterial(jerry, 0, 18202, "w_towncs_t", "hatwall256hi", 0xFFFFFFFF);
    
    jerry =	CreateObject(19445, 1257.40076, -1438.84924, 55.43720,   0.00000, 0.00000, 0.00000);//a19
    SetObjectMaterial(jerry, 0, 18202, "w_towncs_t", "hatwall256hi", 0xFFFFFFFF);
    
    jerry =	CreateObject(19445, 1257.39758, -1447.96509, 55.43720,   0.00000, 0.00000, 0.00000);//a20
    SetObjectMaterial(jerry, 0, 18202, "w_towncs_t", "hatwall256hi", 0xFFFFFFFF);
    
    jerry =	CreateObject(19445, 1253.41553, -1454.98425, 55.43720,   0.00000, 0.00000, -56.58000);//a21
    SetObjectMaterial(jerry, 0, 18202, "w_towncs_t", "hatwall256hi", 0xFFFFFFFF);
    
    jerry =	CreateObject(19445, 1245.42468, -1457.65918, 55.43720,   0.00000, 0.00000, 92.04000);//a22
    SetObjectMaterial(jerry, 0, 18202, "w_towncs_t", "hatwall256hi", 0xFFFFFFFF);
    
    jerry =	CreateObject(19445, 1236.04333, -1459.06299, 55.43720,   0.00000, 0.00000, 104.34000);//a23
    SetObjectMaterial(jerry, 0, 18202, "w_towncs_t", "hatwall256hi", 0xFFFFFFFF);
    
    jerry =	CreateObject(19445, 1237.00208, -1435.05627, 55.43720,   0.00000, 0.00000, 0.00000);//a24
    SetObjectMaterial(jerry, 0, 18202, "w_towncs_t", "hatwall256hi", 0xFFFFFFFF);
    
    jerry =	CreateObject(19445, 1237.00305, -1428.19458, 55.43720,   0.00000, 0.00000, 0.00000);//a25
    SetObjectMaterial(jerry, 0, 18202, "w_towncs_t", "hatwall256hi", 0xFFFFFFFF);
    
    jerry =	CreateObject(19445, 1236.99109, -1421.64539, 55.43720,   0.00000, 0.00000, 0.00000);//a26
    SetObjectMaterial(jerry, 0, 18202, "w_towncs_t", "hatwall256hi", 0xFFFFFFFF);
    
    jerry =	CreateObject(19445, 1237.02368, -1453.98914, 55.43720,   0.00000, 0.00000, 0.00000);//a27
    SetObjectMaterial(jerry, 0, 18202, "w_towncs_t", "hatwall256hi", 0xFFFFFFFF);
    
    jerry =	CreateObject(19445, 1240.10901, -1413.42517, 53.25780,   0.00000, 0.00000, -40.02000);//a34
    SetObjectMaterial(jerry, 0, 18202, "w_towncs_t", "hatwall256hi", 0xFFFFFFFF);
    
    jerry =	CreateObject(19445, 1236.98108, -1421.56543, 53.46600,   0.00000, 0.00000, 0.00000);//a35
    SetObjectMaterial(jerry, 0, 18202, "w_towncs_t", "hatwall256hi", 0xFFFFFFFF);
    
    jerry =	CreateObject(19445, 1236.97107, -1428.26855, 53.46600,   0.00000, 0.00000, 0.00000);//a36
    SetObjectMaterial(jerry, 0, 18202, "w_towncs_t", "hatwall256hi", 0xFFFFFFFF);
    
    jerry =	CreateObject(19445, 1236.96106, -1436.29944, 53.46600,   0.00000, 0.00000, 0.00000);//a37
    SetObjectMaterial(jerry, 0, 18202, "w_towncs_t", "hatwall256hi", 0xFFFFFFFF);
    
    jerry =	CreateObject(19445, 1237.00818, -1445.41602, 53.46600,   0.00000, 0.00000, 0.00000);//a38
    SetObjectMaterial(jerry, 0, 18202, "w_towncs_t", "hatwall256hi", 0xFFFFFFFF);
    
    jerry =	CreateObject(19445, 1237.01819, -1454.17834, 53.47600,   0.00000, 0.00000, 0.00000);//a39
    SetObjectMaterial(jerry, 0, 18202, "w_towncs_t", "hatwall256hi", 0xFFFFFFFF);
    
    jerry =	CreateObject(19445, 1245.42468, -1457.66919, 53.47600,   0.00000, 0.00000, 92.04000);//a40
    SetObjectMaterial(jerry, 0, 18202, "w_towncs_t", "hatwall256hi", 0xFFFFFFFF);
    
    jerry =	CreateObject(19445, 1236.03516, -1459.06726, 53.47600,   0.00000, 0.00000, 104.34000);//a41
    SetObjectMaterial(jerry, 0, 18202, "w_towncs_t", "hatwall256hi", 0xFFFFFFFF);
    
    jerry =	CreateObject(19391, 1237.01685, -1450.87817, 50.09410,   0.00000, 0.00000, 0.00000);//wejscie1
    SetObjectMaterial(jerry, 0, 18202, "w_towncs_t", "hatwall256hi", 0xFFFFFFFF);
    
    jerry =	CreateObject(19391, 1237.02307, -1453.85474, 50.04540,   0.00000, 0.00000, 0.00000);//wejscie2
    SetObjectMaterial(jerry, 0, 18202, "w_towncs_t", "hatwall256hi", 0xFFFFFFFF);
    
    jerry =	CreateObject(19391, 1237.03210, -1456.87976, 50.04620,   0.00000, 0.00000, 0.00000);//wejscie3
    SetObjectMaterial(jerry, 0, 18202, "w_towncs_t", "hatwall256hi", 0xFFFFFFFF);
    
    jerry =	CreateObject(19391, 1237.06616, -1421.77625, 50.06340,   0.00000, 0.00000, 0.00000);//wejscie4
    SetObjectMaterial(jerry, 0, 18202, "w_towncs_t", "hatwall256hi", 0xFFFFFFFF);
    
    jerry =	CreateObject(19391, 1235.58984, -1423.62732, 50.06926,   0.00000, 0.00000, -80.46000);//wejscie5
    SetObjectMaterial(jerry, 0, 18202, "w_towncs_t", "hatwall256hi", 0xFFFFFFFF);
    
   	jerry =	CreateObject(19391, 1237.06775, -1418.68335, 50.05250,   0.00000, 0.00000, 0.00000);//wejscie6
    SetObjectMaterial(jerry, 0, 18202, "w_towncs_t", "hatwall256hi", 0xFFFFFFFF);
    
    jerry =	CreateObject(19391, 1237.09216, -1415.59375, 50.05430,   0.00000, 0.00000, 0.00000);//wejscie7
    SetObjectMaterial(jerry, 0, 18202, "w_towncs_t", "hatwall256hi", 0xFFFFFFFF);
    
	jerry = CreateObject(19445, 1237.05334, -1444.66431, 55.43720,   0.00000, 0.00000, 0.00000);//scianka_poprawa
	SetObjectMaterial(jerry, 0, 18202, "w_towncs_t", "hatwall256hi", 0xFFFFFFFF);

//____________________POPRAWKI_SALA__________________________________


    jerry = CreateObject(19445, 1246.29065, -1411.11682, 52.95410,   0.00000, 0.00000, 90.00000);//a32
    SetObjectMaterial(jerry, 0, 18202, "w_towncs_t", "hatwall256hi", 0xFFFFFFFF);
    
	return 1;

}

public OnPlayerConnect(playerid)
{

//obiekty_do_usuniecia


	return 1;
}
