#include <a_samp>

public OnFilterScriptInit()
{

  CreateObject(13687, 1473.93835, -1663.21826, 5.08760,   0.00000, 0.00000, 0.00000);
  CreateObject(13687, 1486.50049, -1663.28931, 5.08390,   0.00000, 0.00000, 0.00000);
  CreateObject(18761, 1479.13086, -1672.67285, 17.19677,   0.00000, 0.00000, 0.00000);
  CreateObject(19339, 1487.27954, -1668.81604, 13.83124,   90.00000, 0.00000, -58.56001);
  CreateObject(19339, 1471.71460, -1668.69299, 13.85254,   90.00000, 0.00000, 52.86001);
  CreateObject(1256, 1474.30676, -1685.89807, 13.64830,   0.00000, 0.00000, -89.76001);
  CreateObject(1256, 1477.02576, -1685.87903, 13.65187,   0.00000, 0.00000, -89.76000);
  CreateObject(1256, 1479.71655, -1685.86804, 13.65179,   0.00000, 0.00000, -89.76000);
  CreateObject(1256, 1482.43445, -1685.85925, 13.64910,   0.00000, 0.00000, -89.76000);
  CreateObject(1256, 1485.15796, -1685.84998, 13.65010,   0.00000, 0.00000, -89.76000);
  CreateObject(1256, 1471.59375, -1685.91113, 13.65050,   0.00000, 0.00000, -89.76000);
  CreateObject(1256, 1484.96545, -1680.01099, 13.61810,   0.00000, 0.00000, -63.00000);
  CreateObject(1256, 1470.58179, -1679.83667, 13.67300,   0.00000, 0.00000, -137.03999);
  CreateObject(1256, 1475.07019, -1681.01428, 13.65250,   0.00000, 0.00000, -89.76000);
  CreateObject(1256, 1477.79846, -1681.01086, 13.65540,   0.00000, 0.00000, -89.76000);
  CreateObject(1256, 1480.51306, -1681.00415, 13.65350,   0.00000, 0.00000, -89.76000);
  CreateObject(19611, 1479.04333, -1670.98364, 13.46580,   -5.10000, -1.92000, 0.00000);
  CreateObject(19610, 1478.99109, -1670.83691, 15.08940,   23.41040, -1.98000, 0.00000);
  CreateObject(19613, 1487.16589, -1672.83472, 13.56864,   0.00000, 0.00000, -33.84000);
  CreateObject(19613, 1471.58313, -1672.76477, 13.57311,   0.00000, 0.00000, 31.74000);
  CreateObject(19614, 1489.28284, -1673.17810, 13.56864,   0.00000, 0.00000, 0.00000);
  CreateObject(19616, 1468.98096, -1672.93066, 13.57169,   0.00000, 0.00000, 0.00000);
  CreateObject(19612, 1471.49280, -1672.85156, 14.30375,   0.00000, 0.00000, -184.44003);
  CreateObject(19611, 1479.50159, -1678.01453, 13.04844,   0.00000, 0.00000, 0.00000);
  CreateObject(19623, 1479.51599, -1677.96826, 14.70800,   0.00000, 0.00000, -184.32010);
  CreateObject(19824, 1486.97925, -1667.97168, 14.28787,   0.00000, 0.00000, 0.00000);
  CreateObject(19835, 1487.76001, -1669.32397, 14.46380,   0.00000, 0.00000, 0.00000);
  CreateObject(19819, 1472.12183, -1667.83826, 14.43814,   0.00000, 0.00000, 0.00000);
  CreateObject(19819, 1471.26660, -1668.99597, 14.43450,   0.00000, 0.00000, 0.00000);
  CreateObject(19866, 1494.64612, -1671.19470, 13.52870,   0.00000, 0.00000, 0.00000);
  CreateObject(19866, 1494.64673, -1666.23083, 13.52770,   0.00000, 0.00000, 0.00000);
  CreateObject(19866, 1494.64600, -1661.25049, 13.52910,   0.00000, 0.00000, 0.00000);
  CreateObject(19866, 1492.05090, -1658.85010, 13.52950,   0.00000, 0.00000, 90.00000);
  CreateObject(19866, 1487.05615, -1658.84656, 13.52970,   0.00000, 0.00000, 90.00000);
  CreateObject(19866, 1482.06421, -1658.84521, 13.53000,   0.00000, 0.00000, 90.00000);
  CreateObject(19866, 1477.08691, -1658.84509, 13.52800,   0.00000, 0.00000, 90.00000);
  CreateObject(19866, 1472.10803, -1658.84302, 13.52400,   0.00000, 0.00000, 90.00000);
  CreateObject(19866, 1468.66565, -1658.84241, 13.52250,   0.00000, 0.00000, 90.00000);
  CreateObject(19866, 1464.14868, -1661.25916, 13.57210,   0.00000, 0.00000, 0.00000);
  CreateObject(19866, 1464.14905, -1666.23242, 13.57290,   0.00000, 0.00000, 0.00000);
  CreateObject(19866, 1464.14783, -1670.98376, 13.57250,   0.00000, 0.00000, 0.00000);
  CreateObject(7096, 1469.93176, -1654.88611, 11.73530,   0.00000, 0.00000, -90.72010);
  CreateObject(19994, 1487.86511, -1667.56665, 13.55787,   0.00000, 0.00000, -58.19999);
  CreateObject(19994, 1488.57532, -1668.69885, 13.53421,   0.00000, 0.00000, -54.54001);
  CreateObject(19994, 1471.29871, -1667.40894, 13.52140,   0.00000, 0.00000, 38.70000);
  CreateObject(19994, 1470.43445, -1668.48486, 13.52140,   0.00000, 0.00000, 50.16000);
  CreateObject(19306, 1471.81238, -1669.19324, 13.34040,   0.00000, 0.00000, 52.67997);
  CreateObject(19307, 1486.73474, -1668.66809, 13.37086,   0.00000, 0.00000, -56.34001);
  CreateObject(19893, 1471.82776, -1668.28540, 14.36140,   0.00000, 0.00000, -132.48000);
  CreateObject(1226, 1494.13562, -1668.87378, 16.77465,   0.00000, 0.00000, 0.00000);
  CreateObject(1226, 1480.92969, -1658.81458, 16.87270,   0.00000, 0.00000, 95.34000);
  CreateObject(1226, 1464.27783, -1664.56848, 16.56161,   0.00000, 0.00000, -175.61998);
  CreateObject(18655, 1479.37488, -1658.83496, 13.57020,   0.00000, 0.00000, 85.74003);
  CreateObject(19609, 1482.00330, -1666.74585, 13.57086,   0.00000, 0.00000, 0.00000);
  CreateObject(19317, 1478.00000, 2435.00000, -1666.00000,   0.00000, 0.00000, 0.00000);
  CreateObject(19317, 1477.69446, -1658.99915, 14.35994,   0.00000, 0.00000, 0.00000);
  CreateObject(970, 2179.78833, -1727.11841, 13.03906,   0.00000, 0.00000, 90.00000);
  CreateObject(970, 2179.78320, -1731.25183, 13.03857,   0.00000, 0.00000, 90.00000);
  CreateObject(970, 2179.78320, -1735.40466, 13.04100,   0.00000, 0.00000, 90.00000);
  CreateObject(970, 2179.76123, -1739.47388, 13.02810,   0.00000, 0.00000, 90.00000);
  CreateObject(970, 2179.16016, -1743.50037, 13.03238,   0.00000, 0.00000, 72.89999);
  CreateObject(970, 2176.64282, -1746.23804, 13.03050,   0.00000, 0.00000, 21.96000);
  CreateObject(970, 2172.70190, -1746.97290, 13.01311,   0.00000, 0.00000, 0.00000);
  CreateObject(970, 2179.86475, -1764.44421, 13.03996,   0.00000, 0.00000, 90.00000);
  CreateObject(970, 2178.87842, -1760.58276, 13.03890,   0.00000, 0.00000, -61.38000);
  CreateObject(970, 2175.91309, -1758.20776, 13.03140,   0.00000, 0.00000, -16.08000);
  CreateObject(970, 2171.89893, -1757.66895, 13.00533,   0.00000, 0.00000, 0.00000);
  CreateObject(970, 1378.41907, -1411.09241, 13.05972,   0.00000, 0.00000, 0.00000);
  CreateObject(970, 1382.51160, -1411.09985, 13.06065,   0.00000, 0.00000, 0.00000);
  CreateObject(970, 1386.64282, -1411.10974, 13.05780,   0.00000, 0.00000, 0.00000);
  CreateObject(970, 1390.16235, -1412.55420, 13.04690,   0.00000, 0.00000, -44.64000);
  CreateObject(970, 1391.72583, -1416.05969, 13.04320,   0.00000, 0.00000, 92.04000);
  CreateObject(970, 1391.76575, -1420.17395, 13.04680,   0.00000, 0.00000, 88.92000);
  CreateObject(970, 1402.59570, -1409.80249, 13.22008,   0.00000, 0.00000, 90.00000);
  CreateObject(970, 1402.63586, -1414.82935, 13.22010,   0.00000, 0.00000, 90.00000);
  CreateObject(970, 1402.66357, -1419.90649, 13.22010,   0.00000, 0.00000, 90.00000);
  CreateObject(970, 1402.64209, -1425.07825, 13.22010,   0.00000, 0.00000, 90.00000);
  CreateObject(970, 1402.61035, -1430.17432, 13.22010,   0.00000, 0.00000, 90.00000);
  CreateObject(970, 1402.58472, -1435.26013, 13.22010,   0.00000, 0.00000, 90.00000);
  CreateObject(970, 1415.14880, -1434.26184, 13.18725,   0.00000, 0.00000, 90.00000);
  CreateObject(970, 1415.25439, -1429.20972, 13.22010,   0.00000, 0.00000, 90.00000);
  CreateObject(970, 1415.26013, -1424.35620, 13.22010,   0.00000, 0.00000, 90.00000);
  CreateObject(970, 1415.23706, -1419.32910, 13.22010,   0.00000, 0.00000, 90.00000);
  CreateObject(970, 1415.22656, -1414.21436, 13.22010,   0.00000, 0.00000, 90.00000);
  CreateObject(970, 1415.25891, -1408.90564, 13.22010,   0.00000, 0.00000, 90.00000);
  
  return 1;
}

public OnPlayerConnect(playerid)
{

  RemoveBuildingForPlayer(playerid, 1280, 1468.9844, -1694.0469, 13.4531, 0.25);
  RemoveBuildingForPlayer(playerid, 1280, 1468.9844, -1682.7188, 13.4531, 0.25);
  RemoveBuildingForPlayer(playerid, 712, 1471.4063, -1666.1797, 22.2578, 0.25);
  RemoveBuildingForPlayer(playerid, 1231, 1479.3828, -1682.3125, 15.6328, 0.25);
  RemoveBuildingForPlayer(playerid, 1280, 1488.7656, -1682.6719, 13.4531, 0.25);
  RemoveBuildingForPlayer(playerid, 712, 1480.6094, -1666.1797, 22.2578, 0.25);
  RemoveBuildingForPlayer(playerid, 712, 1488.2266, -1666.1797, 22.2578, 0.25);
  
    return 1;
}
